# Root point coordinates (x, y, z)
0: 0.0017764908969351012, 0.0, -0.00026053808379522536
1: 0.0016610566639467805, -0.0006734304687894266, -0.00010574574632027378
2: 0.0012927416113885926, -0.0012443372533672559, 6.514542244451249e-05
3: 0.0007276183672288994, -0.001625804971066458, 0.00022611879118694667
4: 5.172182253510016e-05, -0.0017597586198787596, 0.00035266762374286387
5: -0.0006320489007798358, -0.001625804971066458, 0.00042552600752410186
6: -0.0012195959084886354, -0.0012443372533672559, 0.00043360191406249804
7: -0.0016214704947943304, -0.0006734304687894266, 0.0003756658597962037
8: -0.0017764908969351012, 0.0, 0.00026053808379522536
9: -0.0016610566639467805, 0.0006734304687894266, 0.00010574574632027378
10: -0.0012927416113885926, 0.0012443372533672559, -6.514542244451249e-05
11: -0.0007276183672288994, 0.001625804971066458, -0.00022611879118694667
12: -5.172182253510016e-05, 0.0017597586198787596, -0.00035266762374286387
13: 0.0006320489007798358, 0.001625804971066458, -0.00042552600752410186
14: 0.0012195959084886354, 0.0012443372533672559, -0.00043360191406249804
15: 0.0016214704947943304, 0.0006734304687894266, -0.0003756658597962037
16: -0.008826600757804393, -0.014806543156434593, -0.07258586627091757
17: -0.008961807938085542, -0.015527456344067048, -0.07243677358573675
18: -0.009382531387951865, -0.016125092613648917, -0.072275379340212
19: -0.010016024200770524, -0.016496115224814645, -0.07212959006561559
20: -0.01075274971410245, -0.016576370997459122, -0.07202461405197913
21: -0.011465321393751893, -0.016351982979391444, -0.07197860260573741
22: -0.012030529122796452, -0.01586174989743583, -0.07199951152394646
23: -0.012350643350134582, -0.015190437505091303, -0.07208372546469666
24: -0.01237031341771111, -0.014454121813675336, -0.07221668307257234
25: -0.012086138192146656, -0.013780118495452243, -0.07237539476929
26: -0.011547254151592412, -0.013284968847269596, -0.0725324178606368
27: -0.010846839242266704, -0.013054288741592757, -0.07266060162760857
28: -0.01010600156506225, -0.013127964864355413, -0.07273778193238312
29: -0.009452838684667064, -0.013493257944605652, -0.07275061359910384
30: -0.009000288396899592, -0.014087005490184268, -0.07269687791602264
31: -0.01610022691173807, -0.026843061724391326, -0.1462771552703115
32: -0.016256338833806616, -0.02761210037924222, -0.1461161262321642
33: -0.01673482981049812, -0.028229741388091867, -0.14593924292202898
34: -0.0174409288355708, -0.028573653374269092, -0.14578153924881
35: -0.018234784337374244, -0.02857572035110767, -0.14567425035909665
36: -0.01895916349777682, -0.028235532928494678, -0.14563862613330847
37: -0.019470594140132746, -0.02762046939760321, -0.14568172238626542
38: -0.01966778115343981, -0.02685235063398661, -0.1457950033765283
39: -0.019511669231371265, -0.026083311979135715, -0.14595603241467558
40: -0.01903317825467976, -0.02546567097028607, -0.1461329157248108
41: -0.01832707922960708, -0.025121758984108844, -0.1462906193980298
42: -0.017533223727803637, -0.025119692007270267, -0.14639790828774313
43: -0.01680884456740106, -0.02545987942988326, -0.1464335325135313
44: -0.016297413925045134, -0.026074942960774727, -0.14639043626057435
45: -0.02830215212417997, -0.041431837936990235, -0.21883758475320625
46: -0.028522006729857274, -0.04236639766687045, -0.21872797828378898
47: -0.02914928112646109, -0.04308588362802013, -0.21857758447552889
48: -0.030040274309205195, -0.04342547025748633, -0.2184208567374566
49: -0.03099087047755411, -0.043307362350920364, -0.2182936995055904
50: -0.031783299505265816, -0.04275861700636163, -0.2182252429693401
51: -0.03223602545189497, -0.04190494516915155, -0.21823116969616985
52: -0.03224533425901033, -0.04094191276933312, -0.21831012194438792
53: -0.03180909339108329, -0.04009013892390545, -0.21844401270540525
54: -0.03102724037368354, -0.03954475475587049, -0.2186021692194311
55: -0.03007888831074812, -0.03943070120553127, -0.2187483597350952
56: -0.02918129323101315, -0.039774106566777157, -0.2188490937670453
57: -0.028540083350053536, -0.04049630080982958, -0.21888129436253823
58: -0.047337056418245815, -0.0452893160820782, -0.3671827604804845
59: -0.047663487657692905, -0.046495883387450476, -0.36716678769928823
60: -0.04854945338852534, -0.04737749384840573, -0.3671456958728404
61: -0.04975755980864616, -0.04769792065389211, -0.3671251365390047
62: -0.05096409577841232, -0.047371305700147026, -0.3671106185546793
63: -0.051845770959086046, -0.046485165200261136, -0.36710603200203995
64: -0.05216634119801977, -0.0452769397855608, -0.3671126058441623
65: -0.05183990995857268, -0.044070372480188524, -0.3671285786253585
66: -0.050953944227740244, -0.04318876201923327, -0.36714967045180635
67: -0.04974583780761943, -0.04286833521374689, -0.36717022978564207
68: -0.048539301837853266, -0.043194950167491974, -0.36718474776996746
69: -0.04765762665717954, -0.044081090667377865, -0.3671893343226068
70: -0.07431173419708692, -0.07071685875034461, -3.366937241010139
71: -0.07459984842552814, -0.07168927156215954, -3.366928262032299
72: -0.07536795867556023, -0.07235152348027629, -3.366917959217158
73: -0.0763721953700065, -0.07249335419994196, -3.3669096036357278
74: -0.07729372045397653, -0.07206973346979062, -3.366905848126074
75: -0.07783995622449691, -0.07121515787848409, -3.366907885035977
76: -0.0778374766839427, -0.07020094913811992, -3.3669150676609343
77: -0.07728706906892224, -0.06934911135770694, -3.3669251155682725
78: -0.07636348390820835, -0.06893009701372854, -3.3669348386184064
79: -0.07535995296458786, -0.06907694019978283, -3.366941149811619
80: -0.0745950902220498, -0.06974301924184356, -3.3669420453886567
81: -0.09224526579638592, -0.08766899816016682, -6.366831730676948
82: -0.09252235865769798, -0.088514714306692, -6.3668263952627155
83: -0.09324363430352633, -0.08903603038187757, -6.366820419192421
84: -0.09413358995242138, -0.08903382136388505, -6.366816085121798
85: -0.0948522927949842, -0.08850893102250623, -6.366815048518513
86: -0.09512522277316826, -0.08766184962778034, -6.3668177053297885
87: -0.0948481299118562, -0.08681613348125516, -6.366823040744021
88: -0.09412685426602785, -0.08629481740606959, -6.366829016814315
89: -0.0932368986171328, -0.08629702642406212, -6.366833350884939
90: -0.09251819577456999, -0.08682191676544093, -6.366834387488224
91: -0.1042490349020575, -0.09897038448252449, -9.366784291589818
92: -0.10452037516876711, -0.09971020263161101, -9.36678108586664
93: -0.10520378141927988, -0.10010251712936213, -9.366777630098627
94: -0.10597948027376614, -0.09996375966218984, -9.366775541278038
95: -0.10648451361727851, -0.09935885639110076, -9.366775796787243
96: -0.10648257073556788, -0.09857084827938944, -9.366778277070644
97: -0.10597456072457856, -0.09796845308026025, -9.366781821576073
98: -0.10519818711435658, -0.09783353820226193, -9.366784771790046
99: -0.10451672374555443, -0.09822923181622212, -9.366785747274658
100: -0.1122899722478845, -0.10650457101018862, -12.366762916617505
101: -0.11256150975296908, -0.10715556968147144, -12.36676096494802
102: -0.11321384213590768, -0.10742388712361262, -12.366758988055256
103: -0.11386484193394963, -0.10715234661802864, -12.366758143976185
104: -0.11413316229450388, -0.1065000129101561, -12.366758927160875
105: -0.1138616247894193, -0.10584901423887327, -12.36676087883036
106: -0.1132092924064807, -0.1055806967967321, -12.366762855723124
107: -0.11255829260843875, -0.10585223730231608, -12.366763699802195
108: -0.11768132491942129, -0.11152729372014658, -15.366753474247558
109: -0.11796034041497094, -0.11210303362402119, -15.366752025947374
110: -0.11858443590050527, -0.11224385715311769, -15.366750706920737
111: -0.11908365474618954, -0.11184372131775078, -15.366750510421607
112: -0.11908207497901557, -0.11120393656323557, -15.366751584417838
113: -0.11858088619588525, -0.1108062738589517, -15.366753120168362
114: -0.11795749377288534, -0.11095018133206658, -15.366753961221711
115: -0.11841988124201475, -0.11152670557782773, -15.367489475476665
116: -0.11853930359170217, -0.11104027044618903, -15.36675280053919
117: -0.11793805131038493, -0.11166352937649915, -15.36675280053919
118: -0.1187784497817157, -0.11187261342129329, -15.366750991783842
119: -0.010630518233635478, -0.014370772302874535, -0.07259539266488835
120: -0.010405314657958797, -0.01520697763023282, -0.07259539266488835
121: -0.010803343411554422, -0.014865745049988277, -0.07190610140751486
122: -0.03054519644397402, -0.0410558713123228, -0.2187778107525511
123: -0.029914719877772278, -0.041649550770844534, -0.2187778107525511
124: -0.030441431979795652, -0.041577292312305225, -0.21809418653066337
125: -0.049325168489168014, -0.04513949689858521, -0.36736546978432094
126: -0.05003938653377826, -0.0456292402852192, -0.36736546978432094
127: -0.049890541401452104, -0.0450806466176541, -0.36671210991832837
128: -0.07633509832503993, -0.07110318274945993, -3.367141658643998
129: -0.0761273636469264, -0.07026246739721032, -3.367141658643998
130: -0.07587257971740602, -0.07077144520574219, -3.36648895983162
131: -0.09378860875192796, -0.08722782130617368, -6.367043370151954
132: -0.09336971207677891, -0.08798576693453253, -6.367043370151954
133: -0.0938974120256244, -0.08778268344121454, -6.366387413706197
134: -0.10502932928927855, -0.0992213513083735, -9.366998283062602
135: -0.1058506358182516, -0.09894673960894007, -9.366998283062602
136: -0.10532311079287204, -0.09873450630766012, -9.366345088318726
137: -0.11365696591175922, -0.10656555285743785, -12.36697911242487
138: -0.11286475542662977, -0.10621575499116265, -12.36697911242487
139: -0.11311298047519447, -0.10672556803191657, -12.36632454081783
140: -0.041384989412073026, -0.04113623248299625, -0.9474662202129946
141: -0.04160120550605839, -0.04194586660603061, -0.9474354135881065
142: -0.04219337118862221, -0.042538559919632846, -0.9473999128695054
143: -0.043002816143335565, -0.04275550072906409, -0.9473692304460715
144: -0.04381265024826675, -0.042538559919632846, -0.9473515876483856
145: -0.04440587910899474, -0.04194586660603061, -0.9473517118498397
146: -0.04462354753136211, -0.04113623248299625, -0.9473695697707547
147: -0.04440733143737674, -0.040326598359961885, -0.9474003763956429
148: -0.043815165754812924, -0.03973390504635965, -0.9474358771142439
149: -0.04300572080009957, -0.03951696423692841, -0.9474665595376779
150: -0.04219588669516838, -0.03973390504635965, -0.9474842023353638
151: -0.04160265783444039, -0.040326598359961885, -0.9474840781339097
152: -0.046504986892128564, -0.05060748881145738, -1.2624602618690783
153: -0.047437478167472236, -0.05379520406442584, -1.2623158301146165
154: -0.04994467990642093, -0.05596964357096468, -1.2621217133536036
155: -0.053230573271899395, -0.056440438151605044, -1.2619395422860975
156: -0.05625191033738197, -0.055058113853467816, -1.2618271549388722
157: -0.05804943793232464, -0.052261548874176, -1.2618202335005808
158: -0.05805245374605672, -0.048938632835069384, -1.2619209754789762
159: -0.056260000279026556, -0.04614436809996292, -1.2620973960077266
160: -0.05324116884214547, -0.044765913978920935, -1.2622934828154817
161: -0.049954417086579994, -0.04524091991568291, -1.2624469797262623
162: -0.04744326547164324, -0.04741857488155876, -1.2625091525554533
163: -0.05382245372378858, -0.0534887555227499, -1.3545503082902444
164: -0.05572591883521483, -0.059367355967208546, -1.3544258956341453
165: -0.060720537200009694, -0.06300735622104447, -1.354453943221258
166: -0.06689853436365567, -0.06301839990634939, -1.3546237378266077
167: -0.07190012539204105, -0.059396268710698585, -1.3548704236820575
168: -0.07381487251014907, -0.053524493639119264, -1.355099775175369
169: -0.07191140739872282, -0.04764589319465973, -1.3552241878314681
170: -0.06691678903392795, -0.0440058929408238, -1.3551961402443555
171: -0.06073879187028197, -0.043994849255518886, -1.3550263456390057
172: -0.055737200841896595, -0.04761698045116969, -1.3547796597835562
173: -0.04228556159398256, -0.053557074338123734, -1.3601599814083487
174: -0.04394764316285382, -0.06003028576947589, -1.3616181069172237
175: -0.04821158927604241, -0.06356934571736161, -1.3656287090671881
176: -0.053082252158704435, -0.06251828869989584, -1.370315182539395
177: -0.05628059451665379, -0.05736891597674809, -1.373484674311848
178: -0.05631007641499064, -0.05053067627398189, -1.3736541439592393
179: -0.053156902945827866, -0.045203257947090236, -1.3707442947501087
180: -0.048296479019007243, -0.04387941923888672, -1.3661166774687803
181: -0.04400305100748181, -0.04717859899376631, -1.361936605671425
182: 0.024772881149318415, -0.05506649287045118, -1.4329475850305524
183: 0.022946343262416846, -0.06219768045983187, -1.435042475642366
184: 0.018394388559853425, -0.06527505858167704, -1.4403705236942976
185: 0.01378349037108162, -0.06249594086875998, -1.4458106308985008
186: 0.011814650320363107, -0.05548829678587541, -1.4481760562355175
187: 0.013641188207264676, -0.04835710919649472, -1.4460811656237038
188: 0.018193142909828097, -0.045279731074649554, -1.4407531175717725
189: 0.022804041098599903, -0.04805884878756661, -1.435313010367569
190: 0.10213933662472208, -0.0545069575883268, -1.4857291708344644
191: 0.10187325472064579, -0.062395424321833204, -1.4893351842347375
192: 0.10148064975147708, -0.06448843326908182, -1.4977475093897215
193: 0.10125716126668038, -0.05920990600319431, -1.5046314938775522
194: 0.1013710806536432, -0.05053468121771587, -1.504803356971201
195: 0.10173662429044938, -0.044995380118448836, -1.4981336822557818
196: 0.10207853036285375, -0.046763209414290685, -1.4896448708285754
197: 0.1857297736937067, -0.05741928215669834, -1.4387030904816889
198: 0.1872511058882571, -0.06619770514438006, -1.4432445481995544
199: 0.1910333705336109, -0.06645068354361872, -1.4524982218528675
200: 0.1932943029844143, -0.05792523895517565, -1.4572104377883153
201: 0.19177297078986388, -0.04914681596749393, -1.4526689800704498
202: 0.18799070614451008, -0.04889383756825527, -1.4434153064171367
203: 0.28163956634456966, -0.06150127876786904, -1.4103180479814565
204: 0.2834774900155921, -0.07195218211684296, -1.417288928221578
205: 0.28817376106139125, -0.06839164406231557, -1.428534377193445
206: 0.28923829251705513, -0.05574020717740602, -1.4285135666366897
207: 0.2851999380929495, -0.051481727230535235, -1.4172552560334233
208: 0.36841633979800825, -0.07279250597230291, -1.365635600203421
209: 0.3729992653597387, -0.08497648903048827, -1.375871654836603
210: 0.3801609174069238, -0.07388491826125954, -1.385867517087866
211: 0.37557799184519336, -0.06170093520307418, -1.375631462454684
212: 0.45298395591129115, -0.08749469554762612, -1.3095723867860025
213: 0.458874726340766, -0.08840627590191552, -1.3301631328707102
214: 0.45853155948844204, -0.06956960179616001, -1.3199370424904597
215: 0.5592458402902629, -0.10579431822842711, -1.3134437899919562
216: 0.5492782495222333, -0.10393656973542598, -1.33233047535858
217: 0.5573966071492018, -0.08656826956999808, -1.3227416590539347
218: 0.6186260054826294, -0.11536926335139785, -1.3970495818415332
219: 0.604153637634882, -0.11243807026203445, -1.4125888757531744
220: 0.6141150830963831, -0.09556362083222503, -1.403897872354353
221: 0.7018611684438048, -0.12051737556991426, -1.4488931256927393
222: 0.6907020310667109, -0.11785117272456613, -1.4670004721219267
223: 0.6983295168459582, -0.10079005455824674, -1.4565004394113947
224: 0.6969642387854913, -0.11305286761757571, -1.4574646790753536
225: 0.6968052503853102, -0.11347682106984625, -1.4576767525506298
226: 0.6968589743108771, -0.11261248910825827, -1.4576767525506298
227: 0.6972284916602876, -0.11306929267462262, -1.457040532124801
228: -0.04980691022331207, -0.054073504212376555, -1.3673225744698723
229: -0.04923509655705249, -0.0534231311416864, -1.3673225744698723
230: -0.04948270991815029, -0.05378198563104597, -1.3665743097581078
231: 0.10217864139583455, -0.054694864791697384, -1.4958786938086115
232: 0.10138345969031093, -0.05435187491546234, -1.4958786938086115
233: 0.1015536007726281, -0.05505068540693703, -1.495396298836506
234: 0.2858037759404164, -0.06216177587214755, -1.4206311980240274
235: 0.28525617008621396, -0.061490892999774616, -1.4206311980240274
236: 0.28557748279230477, -0.06178755474105824, -1.4198837095919004
237: 0.45635361542521125, -0.08195447964271718, -1.3200818355064325
238: 0.45704616204173476, -0.08143454196958455, -1.3200818355064325
239: 0.45699046427355317, -0.08208155163339992, -1.3195088911343074
240: 0.6119370677879852, -0.10802972672362898, -1.404761560722152
241: 0.6126400722933596, -0.1075240186404196, -1.404761560722152
242: 0.6123175861325487, -0.10781720908160874, -1.4040132085047565
243: 0.005459294198187692, -0.0547854106465806, -1.410378929725997
244: -0.010185073504946907, -0.06382007415831925, -1.4171489007486806
245: -0.006323183136504262, -0.04575074713484195, -1.4226976949375079
246: 0.031458272173161994, -0.07116912983764667, -1.4455953812239288
247: 0.013390684599692726, -0.08071359718529791, -1.4520743010138828
248: 0.018098173533439343, -0.06093698125085201, -1.4588740061133765
249: 0.045070945078983016, -0.08536094711023168, -1.472147273233436
250: 0.025500062850591476, -0.09335228741431223, -1.4757011483391156
251: 0.03208555909199173, -0.07597664598438492, -1.4863889593157888
252: 0.061680765446447516, -0.11845050799952617, -1.504564735734302
253: 0.04173058126524154, -0.1257895462110472, -1.5073287271571885
254: 0.04966354254770344, -0.11101817797589231, -1.5206848413028675
255: 0.09696256277611859, -0.19311033898776842, -1.5604998668106564
256: 0.07701710433682507, -0.20045928537206859, -1.5632716269025666
257: 0.08521705476735164, -0.18624769688324516, -1.5770666457456581
258: 0.08639890729343147, -0.19327244041436042, -1.5669460464862937
259: 0.08594751123786715, -0.1933306750787276, -1.5671530231151354
260: 0.0867304827751667, -0.1929606594415194, -1.5671530231151354
261: 0.08651872786726145, -0.19352598672283428, -1.5665320932286104
262: 0.05060244657128088, -0.11832252110347419, -1.5111085957133459
263: 0.051436458100249105, -0.11855571795068531, -1.5111085957133459
264: 0.05103598458786163, -0.11837999313230618, -1.5103611127676664
265: 0.15803852020780962, -0.05670857962013365, -1.4527141959389047
266: 0.16733867198796037, -0.06497816885360397, -1.467456141672933
267: 0.15777611676366998, -0.04843899038666333, -1.4701425903454866
268: 0.19159724104386555, -0.03553733222970479, -1.4420066229770423
269: 0.2026398423503064, -0.044215276837467954, -1.4582012274208562
270: 0.18971491336091262, -0.027494110150829698, -1.4617872802058578
271: 0.21137954755878674, -0.011866832988268072, -1.4387993564580877
272: 0.22295479876349944, -0.020353369719154024, -1.4547211413198147
273: 0.2055076498374131, -0.008722556230388534, -1.4591744716759112
274: 0.23731610144091153, 0.031994270794467816, -1.444680810181728
275: 0.24819402098684673, 0.022309185879159976, -1.4604091596137385
276: 0.23007232559877533, 0.032868968650390684, -1.4648370398522226
277: 0.29290580121595244, 0.11803986068693995, -1.4630712668215136
278: 0.3009005693542761, 0.10393940459434958, -1.4770988040150266
279: 0.28212517371117407, 0.11350476440986679, -1.4810357304005048
280: 0.3292759327546104, 0.1750881908876023, -1.535304165064886
281: 0.33800183216340063, 0.16185911933485286, -1.5497388914107477
282: 0.31969590344029974, 0.17206395652035678, -1.554240585638715
283: 0.38442445260480085, 0.25256569801049356, -1.5319814065847097
284: 0.396637872729352, 0.2443418225844205, -1.5475605985136143
285: 0.37971032098874424, 0.2565248694197466, -1.5525146212423966
286: 0.386924215440966, 0.2511441300048869, -1.5440188754469069
287: 0.3872805890399178, 0.2508981155162191, -1.5442688028950502
288: 0.38657482191187764, 0.25139996087185956, -1.5442688028950502
289: 0.38691723537110256, 0.2511343136265829, -1.5435190205506204
290: 0.23869771953925767, 0.028649457493949093, -1.4568758532228119
291: 0.2385325161492, 0.029499553864905437, -1.4568758532228119
292: 0.2383522123380768, 0.029023413965163947, -1.456175303202065
293: 0.3293859641373702, 0.16989723858849004, -1.5466345751969859
294: 0.32853853925239207, 0.1697188371750462, -1.5466345751969859
295: 0.3290491649685485, 0.16939519097927658, -1.5460144917203769
296: 0.28214053954322704, 0.08499948725352091, -1.4599489060451836
297: 0.2741525472966977, 0.07640600001548847, -1.4752638611612898
298: 0.26766429331764385, 0.09359297449155335, -1.4693719716586269
299: 0.3120017002736848, 0.10495872623997382, -1.4859274255349915
300: 0.29957400929260025, 0.09303381465759397, -1.4986890852997359
301: 0.2939427876349745, 0.11318619356112336, -1.494032697591304
302: 0.3229731878971718, 0.1120912722233216, -1.5216704034998454
303: 0.3101687546600207, 0.0981751624442877, -1.531764924658039
304: 0.30662989191839785, 0.11924116771630544, -1.5335568096139571
305: 0.35114548070558804, 0.1093615345368768, -1.5441300217251828
306: 0.34699073142651393, 0.0943766856505901, -1.5588847952443925
307: 0.34811730795256945, 0.11501019650442235, -1.564585675395361
308: 0.44815167303056924, 0.09924993512031843, -1.5409096428095497
309: 0.4470160105987917, 0.08395167310676843, -1.5558824324469493
310: 0.4493310315800336, 0.10446181086399342, -1.5616691332648642
311: 0.4481662384031315, 0.09588780636369343, -1.5528204028404544
312: 0.44812892659269377, 0.09545634972239281, -1.5530702868044852
313: 0.44821870028701216, 0.09631768396866924, -1.5530702868044852
314: 0.44815108832968864, 0.09588938540001735, -1.5523206349123928
315: 0.34845617965795306, 0.10591092192593266, -1.5560867203197215
316: 0.3491777208313538, 0.1063898105717449, -1.5560867203197215
317: 0.34861961959536547, 0.10644768419421169, -1.5554270517254933
318: 0.34062008137133315, -0.06960300004581566, -1.3802168645140849
319: 0.3427333606556866, -0.07728094652781614, -1.397789203053251
320: 0.35321946277124017, -0.06192505356381517, -1.3926470141273606
321: 0.3695171241080839, -0.09441933572372818, -1.364775786473943
322: 0.37276397999730726, -0.1038202084042501, -1.3837650597354252
323: 0.38568661722092923, -0.08798856916615083, -1.377293921849293
324: 0.38590491683236117, -0.12205144222552988, -1.34593097410457
325: 0.38728838535532617, -0.12614990948288973, -1.3669262011885126
326: 0.4033411132184872, -0.11609782232581978, -1.3568874536940292
327: 0.40572270670735744, -0.17136345968312305, -1.3493914972997356
328: 0.4026080393504232, -0.1642151677694237, -1.369359265059107
329: 0.4212354628344386, -0.16049255288583275, -1.3594258763072442
330: 0.4412366855482919, -0.2522219822204965, -1.3996770827163627
331: 0.4369980431384448, -0.2424750153360069, -1.4182927085826635
332: 0.4561206138231224, -0.23989720044943041, -1.40895498187109
333: 0.44478511416995303, -0.2448647326686446, -1.408974924390039
334: 0.44433882618951426, -0.24492540656348538, -1.409192029703196
335: 0.4451316861549399, -0.24457708332965478, -1.409192029703196
336: 0.4448848301654049, -0.24509170811279368, -1.4085407137637245
337: 0.4094329707298554, -0.16525636859183113, -1.3596400055946014
338: 0.41025758593316297, -0.16552087901974133, -1.3596400055946014
339: 0.40987565222920086, -0.16529393272680704, -1.3588966274768843
340: 0.5299771522560475, -0.09327467381613985, -1.3129109003444694
341: 0.5211707974527231, -0.10282481527379073, -1.3271743784079022
342: 0.5189820708973585, -0.08372453235848898, -1.3255642349762522
343: 0.564780298438583, -0.08722464027856258, -1.3380907815384715
344: 0.5500662009271462, -0.09875801026287157, -1.348578283173702
345: 0.5480018239347286, -0.0774667188202196, -1.347188953962443
346: 0.5752560814325065, -0.0851854768065996, -1.3828779344020918
347: 0.5596008339624126, -0.09500224297810167, -1.3937432603476938
348: 0.5568078533409118, -0.0749545949446464, -1.3866862038157808
349: 0.5895951856234207, -0.06702664671818503, -1.4026484782183273
350: 0.5860364296929861, -0.061079850312400374, -1.42293349357587
351: 0.5737902633558969, -0.0532686438999157, -1.4071687403667037
352: 0.6480072299419959, 0.002175032901116758, -1.3659441389835365
353: 0.6478818004727938, 0.0122299447965446, -1.3848754356518436
354: 0.6330721324183353, 0.016973816590033053, -1.3701214398593913
355: 0.6429870542777083, 0.010459598095898137, -1.3736470048315903
356: 0.6433780620990568, 0.010251551424885541, -1.37387899290526
357: 0.6427162288383181, 0.010810060811539124, -1.37387899290526
358: 0.64286687189575, 0.010317182051270635, -1.3731830286842515
359: 0.5832066395654341, -0.06091547317845247, -1.4111084695738303
360: 0.5833886974383597, -0.06006882630347743, -1.4111084695738303
361: 0.5828265416685099, -0.06039084144857032, -1.41053377301324
362: -0.041385248514838935, -0.04113623248299625, -0.9474742366214972
363: -0.04160150141954322, -0.04194601374697804, -0.9474478766835805
364: -0.042193624623046766, -0.042538814775230804, -0.9474134831755836
365: -0.043002959191150936, -0.04275579501095983, -0.947380271810199
366: -0.0438126445799254, -0.042538814775230804, -0.9473571415459612
367: -0.04440572624332528, -0.04194601374697804, -0.9473502901184931
368: -0.0446232884285962, -0.04113623248299625, -0.9473615533622521
369: -0.04440703552389191, -0.04032645121901446, -0.9473879133001688
370: -0.043814912320388366, -0.03973365019076169, -0.9474223068081657
371: -0.043005577752284196, -0.03951666995503267, -0.9474555181735503
372: -0.042195892363509735, -0.03973365019076169, -0.9474786484377882
373: -0.04160281070010985, -0.04032645121901446, -0.9474854998652562
374: -0.048063551271124716, -0.04845925131843565, -1.2624325994445607
375: -0.048992809112733404, -0.05164425315772103, -1.262222427629494
376: -0.05149823208350135, -0.05381722157267532, -1.261992225436952
377: -0.054784366092683, -0.0542882544450114, -1.261815080436536
378: -0.057807886811076514, -0.05290780216592239, -1.2617472349142311
379: -0.059608847773767515, -0.05011414858020835, -1.261810229343996
380: -0.059615456600084826, -0.046794258962321145, -1.261984063439477
381: -0.05782561503436856, -0.04400217480872026, -1.2622135461036124
382: -0.05480758512731665, -0.042624363110251196, -1.262425818211986
383: -0.05151957005003727, -0.04309826934602423, -1.2625534848700326
384: -0.04900549135756371, -0.04527343163464437, -1.2625560128158715
385: -0.052233573810275935, -0.06288316410313222, -1.3620881000192162
386: -0.054149135291580386, -0.06875720445515654, -1.3622393457766602
387: -0.05915211981013524, -0.0723856958743836, -1.3622675778986681
388: -0.06533155732504081, -0.07238267796655506, -1.3621620126742071
389: -0.0703271127369609, -0.06874930346988872, -1.3619629724309914
390: -0.07223065367122405, -0.06287339794825186, -1.3617464837768005
391: -0.0703150921899196, -0.05699935759622754, -1.3615952380193563
392: -0.06531210767136475, -0.05337086617700049, -1.3615670058973486
393: -0.05913267015645918, -0.053373884084829015, -1.3616725711218096
394: -0.05413711474453908, -0.05700725858149536, -1.361871611365025
395: -0.04653487291031322, -0.047572456286977705, -1.364014526320361
396: -0.04740012407724681, -0.04945358457365767, -1.3705340207918195
397: -0.05217138749966832, -0.04933102565685665, -1.3754341367130984
398: -0.05861613599554172, -0.04726212621583681, -1.3764220553859092
399: -0.06371880011824604, -0.044214947292307016, -1.3730355186837504
400: -0.06509178661497295, -0.04161529777020867, -1.3668591247667252
401: -0.062092659844859455, -0.04067958255281834, -1.3607828769915822
402: -0.05612474455522154, -0.04184563318966816, -1.3576499192222824
403: -0.04998049463607224, -0.04456784162856753, -1.3589261972180284
404: -0.01293317861320542, 0.04223664077712996, -1.3953280441012836
405: -0.014859173309901053, 0.03851809659346994, -1.401734417283136
406: -0.021216414377042803, 0.03794827617501895, -1.4059580927521624
407: -0.028280916216774088, 0.04086097259478905, -1.4055248987016697
408: -0.03191438946279046, 0.045549967793153456, -1.400688594331297
409: -0.029988394766094828, 0.04926851197681348, -1.3942822211494443
410: -0.023631153698953078, 0.04983833239526447, -1.390058545680418
411: -0.016566651859221793, 0.04692563597549437, -1.390491739730911
412: 0.009993612052578982, 0.10529169011601258, -1.4695489064864113
413: 0.007227108951616934, 0.10078845707495265, -1.476431449068809
414: -0.0006125390877445014, 0.10086383636602214, -1.4801511636021654
415: -0.007621917192190075, 0.10546106584559034, -1.4779070291745142
416: -0.008522820683816157, 0.11111833794914983, -1.471388924781877
417: -0.0026368508583454187, 0.11357561139540007, -1.465505115977008
418: 0.005603736953738725, 0.11098250916007224, -1.4646862307978006
419: 0.043599504000853884, 0.18544313241029986, -1.5129758471827035
420: 0.0425436453775454, 0.1870885797658639, -1.5227828684209619
421: 0.034131506451061, 0.1912087799648008, -1.5262842779945756
422: 0.026775226147883302, 0.19368353280817363, -1.5199786663299306
423: 0.027831084771191783, 0.19203808545260959, -1.510171645091672
424: 0.036243223697676186, 0.1879178852536727, -1.5066702355180586
425: 0.07634290339035399, 0.254346519834975, -1.4504438076250417
426: 0.07588613114281273, 0.2614645750544513, -1.4609470054503981
427: 0.06442050468121696, 0.2668875366451875, -1.4615156995516339
428: 0.05779113007318237, 0.2631210560084707, -1.4513639740100426
429: 0.06515957770285663, 0.25537028136627526, -1.444521168479643
430: 0.11399068789318445, 0.3415432063894208, -1.410013721854759
431: 0.1064221496122224, 0.3405861646088484, -1.424711706874477
432: 0.09315597664587205, 0.3482089741586538, -1.4183768119492026
433: 0.1007245149268341, 0.34916601593922625, -1.4036788269294844
434: 0.13940928652053586, 0.39337469510601686, -1.4947119173742396
435: 0.11925895364447658, 0.39622381055960165, -1.5014467228975006
436: 0.12734765745642562, 0.4089010407558389, -1.4861702152954936
437: 0.17843389120508935, 0.46475609553551234, -1.553047753213007
438: 0.1616847782512254, 0.4737268033117754, -1.5629727014028785
439: 0.16268348782558828, 0.47367034052940316, -1.541559846141137
440: 0.21892577868802388, 0.5381449990086189, -1.4977660353597477
441: 0.20529369344935144, 0.5527401026288565, -1.5055545000146133
442: 0.19952261028985685, 0.5404661182706176, -1.48895465403762
443: 0.2520657421019328, 0.6009136801829307, -1.4268460137791832
444: 0.2386336166606906, 0.6158544975762226, -1.4343200328500059
445: 0.2321332618900147, 0.6022592841054841, -1.4190744912767983
446: 0.2825001881865514, 0.6658031031280709, -1.356813263846878
447: 0.2689524787530475, 0.6805047954947092, -1.3645483003679335
448: 0.2624903662381186, 0.6669886992117906, -1.3492163982538683
449: 0.2713143443925725, 0.6710988659448569, -1.3568593208228932
450: 0.2717805596390548, 0.6710731948031547, -1.3570381317186218
451: 0.27099650473445624, 0.671440909239335, -1.3570381317186218
452: 0.2711659688042065, 0.670782493792081, -1.356501699031436
453: -0.0555002267126552, -0.04553277693490987, -1.3673140893938711
454: -0.05587530419889841, -0.04475221759743864, -1.3673140893938711
455: -0.05586813783915989, -0.045229170523285234, -1.3665912799101103
456: 0.000894613340442163, 0.1070354665812614, -1.472473196076103
457: 5.476075930221924e-05, 0.1068242708380458, -1.472473196076103
458: 0.0005207673870435414, 0.1067466231123495, -1.4717473878000447
459: 0.06832704953346269, 0.2603885955239944, -1.4540066433369243
460: 0.06753676705045564, 0.26003446334944513, -1.4540066433369243
461: 0.06789633161033581, 0.26029092247217633, -1.4532617063962068
462: 0.1283225731488029, 0.3991653411598639, -1.494236182172865
463: 0.1286156011519619, 0.3999802586951793, -1.494236182172865
464: 0.12907772332067324, 0.3993539465664133, -1.493856491221504
465: 0.20795548596253877, 0.543330187233332, -1.497631364154072
466: 0.2081479251802829, 0.5441745349978655, -1.497631364154072
467: 0.2076386712844105, 0.5438464976768955, -1.4970124611038373
468: 0.24137737532064563, 0.6063240067949618, -1.4269958692146607
469: 0.24051140519208758, 0.6063168139899098, -1.4269958692146607
470: 0.24094384013990577, 0.6063866410797649, -1.426248799476666
471: -0.024413054045900218, 0.015024647954222203, -1.381168438937996
472: -0.03440716248580511, 0.006945923013173427, -1.3955578757952012
473: -0.040855294471078274, 0.02310337289527098, -1.3872174740988075
474: -0.0004072081682222617, 0.03948690194753812, -1.410596726461397
475: -0.014265723214509585, 0.02781815633702056, -1.4220550385495214
476: -0.019346584681057877, 0.04780802552898056, -1.4162154361858277
477: 0.014584285955576703, 0.0490655587115274, -1.4598144822343433
478: 0.0014435037017594965, 0.03646297390194153, -1.4711284416294879
479: -0.0024245538806750844, 0.05750318956238942, -1.4697651974030808
480: 0.02519728085212858, 0.050642362273819685, -1.4713258903297946
481: 0.037062377604059726, 0.039994489720088566, -1.4856560427528087
482: 0.03588049251941783, 0.06138171368673184, -1.4864931675746351
483: 0.09209236545784893, 0.05589847146758142, -1.3880562686022568
484: 0.09241360365378348, 0.04404908869381252, -1.4059168372724358
485: 0.09003175552532028, 0.06531366263887062, -1.4072035671384482
486: 0.1502307879252882, 0.06420834239892148, -1.4790501302809163
487: 0.13811446109391934, 0.05099744537587814, -1.4908050357795577
488: 0.13443777210026564, 0.07211229671445185, -1.4911999918706036
489: 0.2214707733305472, 0.07512090393291349, -1.5395444410128265
490: 0.2166180460114724, 0.06306653907468807, -1.5565930276038462
491: 0.21258869849567752, 0.08411901480786899, -1.556854950151202
492: 0.3153703696756365, 0.09504215532395843, -1.5468990625229972
493: 0.31612924083763794, 0.08410668634325624, -1.5653205340182819
494: 0.31167723001098846, 0.10507488729489456, -1.565479051434102
495: 0.3143922801747543, 0.09474124298736974, -1.5592328826584603
496: 0.31446180985450756, 0.09431336623996689, -1.5594820334414523
497: 0.3142824661248156, 0.09516059219956663, -1.5594820334414523
498: 0.31443256454493973, 0.09474977052257483, -1.5587345810924764
499: 0.03227208982664198, 0.05051266611399541, -1.4813303791005639
500: 0.03313706946655692, 0.05047063966359566, -1.4813303791005639
501: 0.03273099168240634, 0.051035259903049024, -1.4808143424561104
502: 0.14123868123418326, 0.0621373784325403, -1.4872675235832802
503: 0.14064696396747056, 0.06276969692529022, -1.4872675235832802
504: 0.14089737591781937, 0.06241100913142095, -1.486520110764517
505: 0.21656612773980388, 0.07381477329885566, -1.5512442104367896
506: 0.21716031202184372, 0.07444477412344064, -1.5512442104367896
507: 0.21695107807604952, 0.07404691039317424, -1.5505039978942952
508: 0.07419525383595094, 0.05365628762551111, -1.4155694378425259
509: 0.06841151494888109, 0.04456018584306154, -1.4315698500278011
510: 0.07475497757314997, 0.06275238940796068, -1.432573894168752
511: 0.09826087790493965, 0.044832858689136224, -1.4188510505041498
512: 0.08528168908481071, 0.03758770485741003, -1.4342964181865994
513: 0.09442773116031677, 0.05688517273167282, -1.4361588433031827
514: 0.11405382872218972, 0.03176428862496916, -1.4397814241717428
515: 0.09376978906041078, 0.03025648231973843, -1.4465486418027393
516: 0.10480532065527104, 0.048360088553555336, -1.4497089365785072
517: 0.12550850348812848, 0.01621311946663795, -1.4880631257034447
518: 0.104492448029335, 0.015637479898384044, -1.4922470271554864
519: 0.11544304545092032, 0.033881037270787395, -1.4948485670514349
520: 0.13979008075107568, -0.00215572194929603, -1.5767006671176786
521: 0.1238033485628689, -0.008380457304833833, -1.5895532171765607
522: 0.13692744487998532, 0.007430554744552786, -1.5956590318767636
523: 0.19688574280556193, -0.06264647433958359, -1.5389271222130585
524: 0.18888611130655342, -0.07751616253976579, -1.5521335315672105
525: 0.20543207109782813, -0.06540885343917502, -1.55839094798681
526: 0.19706797506998086, -0.0685238301061748, -1.5498172005890263
527: 0.19681701664975204, -0.06888892172513028, -1.550048969830051
528: 0.19744744053967977, -0.0682951863303547, -1.550048969830051
529: 0.19693946802051077, -0.06838738226304031, -1.5493536621069772
530: 0.11472116029490831, 0.02202151486235948, -1.4919551227451797
531: 0.11558542817921502, 0.02196676977896672, -1.4919551227451797
532: 0.11513740849426135, 0.021743351994482296, -1.4912484744200065
533: 0.13318585801831873, -0.0013503817914868321, -1.5875223635213007
534: 0.13361577505977973, -0.0005986322737205896, -1.5875223635213007
535: 0.13371924111583144, -0.0011566104443696545, -1.5868681891284018
536: 0.030665750828322125, 0.16275944038821066, -1.51101516037864
537: 0.013053870209222218, 0.16077052380815537, -1.5033948083431141
538: 0.028103011888483742, 0.16474835696826595, -1.491997261619497
539: 0.02380218675317103, 0.20609453513259446, -1.516859896314489
540: 0.005607161883528278, 0.1983638434530519, -1.5085720464444126
541: 0.022642182497660812, 0.20152274373596768, -1.4959490356704859
542: 0.007363670595848859, 0.23763943029222379, -1.4970568358630132
543: -0.009325829672410357, 0.22542749894772562, -1.4914141155125924
544: 0.004894103582159914, 0.23164099229950175, -1.4766257086368328
545: -0.014590011096366595, 0.2669760153557714, -1.500185819566186
546: -0.03345885128292014, 0.2575959339594709, -1.4962498416275936
547: -0.026691836455513318, 0.2736942231511632, -1.4838174816446177
548: -0.04890306931319088, 0.3198403800159042, -1.5752028131103957
549: -0.06845699130480387, 0.31147098381500626, -1.5725366695849408
550: -0.0628118208562185, 0.32915083356061814, -1.5618097901272878
551: -0.08326618320195767, 0.3799941688204189, -1.6499488444449844
552: -0.10251740048014657, 0.37108401724287443, -1.6468648840864357
553: -0.0953003030237145, 0.3859880608594075, -1.633252611406944
554: -0.13386148808859577, 0.46422956699675577, -1.6867269617646317
555: -0.15197083693477165, 0.45341800782191477, -1.6828964719922364
556: -0.13973754786668824, 0.4599670631008541, -1.666557332086779
557: -0.180746256220087, 0.5455561783299245, -1.6443144240398404
558: -0.1982049339137486, 0.5336279998726479, -1.6407896387697551
559: -0.18276349439887696, 0.5346715357567344, -1.6259577825849356
560: -0.18723822817757085, 0.5379519046531023, -1.6370206151315103
561: -0.18691512949059153, 0.5382584459857949, -1.6372478345184989
562: -0.18766544975214572, 0.5378260393425744, -1.6372478345184989
563: -0.18713410528997532, 0.5377712286309375, -1.6365661763575337
564: -0.024486721504159092, 0.2660121009667087, -1.4936665544405352
565: -0.02534627154302793, 0.26611759850545, -1.4936665544405352
566: -0.024907705787613033, 0.2661364729942486, -1.4929200339573265
567: -0.09361668617458108, 0.37945544995324276, -1.6435923145733162
568: -0.09392220854955724, 0.37864513391712507, -1.6435923145733162
569: -0.09354499198168043, 0.37896566305233303, -1.642881710791732
570: -0.14145086245956584, 0.4590507185895385, -1.6789750767481202
571: -0.1422369438814206, 0.4594140806654554, -1.6789750767481202
572: -0.14188206654906832, 0.45914983866453074, -1.6782306123474067
573: -0.0375300277901518, 0.30262979528036027, -1.5453115649337896
574: -0.05434355925483825, 0.2944843752823765, -1.5501241719187457
575: -0.0541247461008858, 0.31077521527834406, -1.5397914788390772
576: -0.037202115104448374, 0.32660445740507527, -1.5832598594518985
577: -0.055717882060052126, 0.31952689142248136, -1.5914198480013895
578: -0.05557182256831883, 0.33647374381772366, -1.5782937731943978
579: -0.027535110229386817, 0.349218257387772, -1.60607987533849
580: -0.04620238594665782, 0.34352300109710665, -1.6149459822856806
581: -0.044736736778085984, 0.36181700845858256, -1.603869333582535
582: -0.017011720848177703, 0.3652057742978574, -1.6518702011119952
583: -0.036960314880628786, 0.3576860022645265, -1.654110202008239
584: -0.03365314710816758, 0.3787148133946001, -1.651587758133648
585: -0.016988551146469355, 0.36524113574474537, -1.752522109425804
586: -0.03701664440746466, 0.3576000325098665, -1.752523110830467
587: -0.033619987283040054, 0.37876542170237215, -1.7525229409976109
588: -0.01697855119229441, 0.36524113574474537, -1.852521498433652
589: -0.03700664437818446, 0.3576000325098665, -1.8525235012429706
590: -0.03360998726649633, 0.37876542170237215, -1.8525231615772595
591: -0.029198394278991735, 0.367202196652328, -1.8525227204179608
592: -0.029198394278991735, 0.3667691966523279, -1.8522727204179608
593: -0.029198394278991735, 0.36763519665232813, -1.8522727204179608
594: -0.029198394278991735, 0.367202196652328, -1.8530227204179608
595: -0.029005987480467788, 0.3668003948121443, -1.6527408391221947
596: -0.02959096207530365, 0.3674389562605551, -1.6527408391221947
597: -0.02902823328120263, 0.3673672388842837, -1.652086483009493
598: -0.02904880995258452, 0.367622852410074, -1.752740827218039
599: -0.02912454280289012, 0.3667601702348877, -1.752740827218039
600: -0.02945183008149943, 0.3672235673120223, -1.7520865068178044
601: 0.09757827036878552, 0.31744223239172875, -1.4173679838278526
602: 0.09471802237233451, 0.3101604568751597, -1.4350031367893181
603: 0.08375466721985081, 0.3247240079082978, -1.428685564600979
604: 0.12257900773432784, 0.34162624293133526, -1.4318888919491042
605: 0.11281619805209431, 0.32745355977984136, -1.4446690945576641
606: 0.10371266272977842, 0.34647816228854467, -1.4408348901628556
607: 0.13702382134395386, 0.3504859165533354, -1.4794468831945853
608: 0.12637704298202657, 0.3342323818706179, -1.4885011473916199
609: 0.11906020581433818, 0.35428068709393923, -1.4905112048171845
610: 0.1453968002658126, 0.35125494063553564, -1.4923652462750279
611: 0.154278412029762, 0.3346698149195584, -1.5026395616672912
612: 0.1592653081910882, 0.3547238656243845, -1.5083384121061432
613: 0.20569746059662908, 0.34999031464892294, -1.4053597569172502
614: 0.20669500629463133, 0.33408787313155397, -1.4196995001397437
615: 0.20898277483272043, 0.35442639463713466, -1.4260730107424782
616: 0.29077721640341014, 0.341314567424579, -1.4739720734598971
617: 0.27915881405004317, 0.326307515292509, -1.4839376187224815
618: 0.27707187585531123, 0.34691058489381454, -1.4894755959068975
619: 0.3607451082928401, 0.3273780200990668, -1.544819979418755
620: 0.34840184210923386, 0.3124975681831934, -1.5540788621818122
621: 0.34660408736292325, 0.3330501307988234, -1.5598987614182853
622: 0.3519170125883324, 0.32430857302702787, -1.5529325343396176
623: 0.351659593243312, 0.323918364632501, -1.553109908773091
624: 0.35182887551961084, 0.3247676581688772, -1.553109908773091
625: 0.35226256900207353, 0.3242396962797054, -1.5525777854726703
626: 0.15251920741501923, 0.3467977239934079, -1.5012883284915497
627: 0.15336609279306046, 0.3466167788181229, -1.5012883284915497
628: 0.1530552202785831, 0.3472341183679477, -1.5007665630653628
629: 0.2825065343883013, 0.33777953287150364, -1.4827117108153254
630: 0.28217481209205353, 0.3385794805686517, -1.4827117108153254
631: 0.2823265598284088, 0.3381736541707472, -1.4819618664586256
632: 0.18891238584635772, 0.3463998441767373, -1.433175059715621
633: 0.18391462447936213, 0.3388484972612664, -1.450210418071992
634: 0.19589805089722034, 0.3539511910922082, -1.449496258715957
635: 0.2138123854797822, 0.32609806821574416, -1.433380874412585
636: 0.19826264083267997, 0.32634489981557824, -1.44813402644499
637: 0.21315514375070066, 0.3417626235969804, -1.4479993804011515
638: 0.2231069014792002, 0.3158375623602776, -1.4640905144551464
639: 0.20396918427485478, 0.31755116446000464, -1.4735943203964688
640: 0.21975988663118695, 0.33109073295252234, -1.4787755155723088
641: 0.23424864051049976, 0.28875818759169647, -1.4829039280069356
642: 0.21855728052299028, 0.28196196319141986, -1.4958307812575713
643: 0.2366392145482621, 0.2898935183646678, -1.5041761436678847
644: 0.27553119547727967, 0.19677809233105403, -1.4618363019755871
645: 0.25839265656315913, 0.19279044053161432, -1.4740788546642871
646: 0.27503552565776346, 0.2036310715291414, -1.4821415221630314
647: 0.309632924149148, 0.13275960455943014, -1.5385127406407202
648: 0.29016737799118886, 0.133391464315749, -1.5474684229341418
649: 0.30493287281431236, 0.1479590077088231, -1.5528793213289747
650: 0.3015777249848828, 0.1380366921946674, -1.546286828301279
651: 0.3011091233957046, 0.13799475512474224, -1.546456070236938
652: 0.3018727813039206, 0.1384031453783212, -1.546456070236938
653: 0.30175127025502313, 0.13771217608093878, -1.5459483444299607
654: 0.22937098156978575, 0.28697553293513334, -1.4945083514845987
655: 0.2301089626403554, 0.28652238843336697, -1.4945083514845987
656: 0.2299651913716101, 0.2871157477792847, -1.4938941499631941
657: 0.2700109490810032, 0.19739219561677857, -1.472760836309931
658: 0.269173624069559, 0.19761319974617475, -1.472760836309931
659: 0.2697748045476409, 0.19819420902885643, -1.4725350061830436
660: 0.1652305740018134, 0.44763379533251957, -1.5379564392135063
661: 0.14623468685171304, 0.44489364183382385, -1.5399190200229094
662: 0.15348281200401548, 0.4503739488312153, -1.5229003593752526
663: 0.16124238657098378, 0.4890277632096769, -1.5490486478010697
664: 0.14070520521206742, 0.4831989641348242, -1.5509877874288385
665: 0.1498508156674747, 0.48394761200544956, -1.5316149116721585
666: 0.1435040779784087, 0.5269304530669716, -1.5303010520801013
667: 0.12505636470516723, 0.5168028862252596, -1.5343784586302192
668: 0.1320178564714869, 0.5186809915242794, -1.5141913010246209
669: 0.1237763496033999, 0.5564036313567016, -1.538941694699676
670: 0.10843516519180518, 0.5416528890538661, -1.5415058011102616
671: 0.10442972758555236, 0.5594329722382918, -1.5302214716726146
672: 0.10699579156821049, 0.5825010885963922, -1.6323372769537405
673: 0.09202156221638624, 0.5671818022505581, -1.6331137436261183
674: 0.08632244318100213, 0.587583882830077, -1.6298295192782182
675: 0.10702094810731122, 0.5824619684454246, -1.7317601799526923
676: 0.09208056612285898, 0.5670900471120754, -1.7317601799526923
677: 0.08623828273542866, 0.5877147581195281, -1.7317601799526923
678: 0.09511326565519962, 0.5790889245590094, -1.7317601799526923
679: 0.09511326565519962, 0.5786559245590093, -1.7315101799526922
680: 0.09511326565519962, 0.5795219245590095, -1.7315101799526922
681: 0.09511326565519962, 0.5790889245590094, -1.7322601799526922
682: 0.11262809531643381, 0.5523472037284431, -1.5371263332642036
683: 0.11177342960341008, 0.5524868551479889, -1.5371263332642036
684: 0.11223971746091355, 0.5526554337724274, -1.5364163009541452
685: 0.09469260393799495, 0.5792484769032162, -1.631978298656926
686: 0.09555528805938529, 0.5791727662256267, -1.631978298656926
687: 0.09509190496821862, 0.5788455305481852, -1.6313239425442245
688: -0.041385751547713845, -0.04113623248299625, -0.9474871984312779
689: -0.04160169657952473, -0.04194596218676505, -0.9474570088521588
690: -0.04219345961717558, -0.04253872547032067, -0.9474163387457636
691: -0.04300247823261749, -0.042755691890532965, -0.9473760856342571
692: -0.0438119765411793, -0.04253872547032067, -0.9473470353063603
693: -0.04440505012480944, -0.04194596218676505, -0.947336971773973
694: -0.04462278539572129, -0.04113623248299625, -0.9473485915524714
695: -0.044406840363910405, -0.04032650277922745, -0.9473787811315906
696: -0.043815077326259555, -0.03973373949567183, -0.9474194512379858
697: -0.04300605871081764, -0.03951677307545953, -0.9474597043494922
698: -0.042196560402255834, -0.03973373949567183, -0.947488754677389
699: -0.04160348681862569, -0.04032650277922745, -0.9474988182097763
700: -0.050584553568278956, -0.0492750861389446, -1.2623578125364727
701: -0.051515812937131145, -0.052463018189948585, -1.262210251463012
702: -0.05402355208531073, -0.05463933786672914, -1.2620465258589015
703: -0.057311581552109025, -0.05511307904904683, -1.2619186174466162
704: -0.06033597521392409, -0.05373383225881323, -1.2618671362432994
705: -0.06213650945247373, -0.050939498606633826, -1.261908427167255
706: -0.06214152736898537, -0.04761725928325777, -1.262029380641875
707: -0.06034943581042196, -0.0448219018000362, -1.262191594793584
708: -0.05732921118431289, -0.04344093240683922, -1.262343567775365
709: -0.054039753469560914, -0.04391279912854351, -1.2624370492392918
710: -0.051525442248401276, -0.0460876876150591, -1.2624423594810765
711: -0.04668918355632723, -0.055932327032059526, -1.353834035705453
712: -0.04860220039588192, -0.06180782388036299, -1.3537095187099886
713: -0.053589044766591876, -0.06543473747105821, -1.3532930068218547
714: -0.0597449116154527, -0.06542771008675796, -1.3527435934256
715: -0.06471846903641687, -0.06178942594941361, -1.3522711357647195
716: -0.06660998713967548, -0.0559095859387595, -1.352056096607424
717: -0.06469697030012078, -0.050034089090456035, -1.3521806136028887
718: -0.05971012592941083, -0.04640717549976081, -1.3525971254910225
719: -0.053554259080550004, -0.04641420288406106, -1.353146538887277
720: -0.048580701659585834, -0.05005248702140541, -1.3536189965481575
721: -0.05683383457575886, -0.04790993568536983, -1.3713773034892733
722: -0.05962519891385121, -0.054042455224485586, -1.3725569647163196
723: -0.06532634812894944, -0.05755902313722849, -1.3711706894483953
724: -0.07126965114209405, -0.05681419821492639, -1.3678671312900956
725: -0.07467417042097857, -0.05215649231653163, -1.3641920618186485
726: -0.07394689355799677, -0.04576529779653793, -1.3618650868835913
727: -0.06942812148011956, -0.04063112560106674, -1.3619750239184831
728: -0.06323223786314269, -0.03915631196034486, -1.3644704321628842
729: -0.058258365511026255, -0.042030938567595655, -1.3681836823658657
730: -0.09740599767151537, -0.013697031960414385, -1.4561798835002548
731: -0.10078911197854445, -0.020468998939837668, -1.4573084421287101
732: -0.1074583359916641, -0.023599406083554264, -1.4552346422492415
733: -0.11350692873449297, -0.021254503342524877, -1.4511732877055938
734: -0.11539170661155218, -0.014807902939998563, -1.4475034649078302
735: -0.11200859230452309, -0.00803593596057528, -1.446374906279375
736: -0.10533936829140345, -0.004905528816858684, -1.4484487061588438
737: -0.09929077554857457, -0.007250431557888071, -1.4525100607024914
738: -0.14415617521928237, 0.024228073373682157, -1.541112600050281
739: -0.1487595079120334, 0.01701478914825305, -1.5425547853474202
740: -0.15481300162794298, 0.013363050005594346, -1.5375226829345445
741: -0.15775825213016503, 0.016022690002031936, -1.5298055685647323
742: -0.15537742571836333, 0.02299094597348006, -1.5252145867588967
743: -0.1494633332406341, 0.029020579046918904, -1.5272068404557944
744: -0.14446940695820754, 0.029571152535950773, -1.534282121987092
745: -0.22857839231029597, 0.08696612362629264, -1.5402422906341673
746: -0.23441475718158333, 0.07892947536178596, -1.5414038110867592
747: -0.23680776029144468, 0.07330224141268626, -1.5334913036334732
748: -0.2333643985300169, 0.07571165572809502, -1.5244172757275956
749: -0.22752803365872953, 0.08374830399260169, -1.5232557552750037
750: -0.2251350305488682, 0.08937553794170139, -1.5311682627282897
751: -0.309776777193556, 0.14063131057378264, -1.5109947720555483
752: -0.31715695309724, 0.13030058487655882, -1.5110350926658096
753: -0.315956157115143, 0.12457710614194717, -1.4997660023859316
754: -0.3078338484809686, 0.13137052744729338, -1.4927610009604149
755: -0.3040147816600296, 0.14129257144850715, -1.4997007622680818
756: -0.38209473330466803, 0.1975608776868265, -1.4696822716515727
757: -0.3910119999109165, 0.18381624507442496, -1.4672745974744479
758: -0.38334382051989824, 0.18137658749667818, -1.4528012923905873
759: -0.37442655391364976, 0.19512122010907973, -1.4552089665677124
760: -0.4536765657264876, 0.24465635891804194, -1.4219034425050194
761: -0.45702802345499816, 0.23090819285067887, -1.4058016835887326
762: -0.4439305104254485, 0.24765276053168694, -1.4030474895256864
763: -0.5304274187036899, 0.29742547263036023, -1.4124144490604698
764: -0.5409421028084571, 0.28859130145245526, -1.3959551107658597
765: -0.5292906318108379, 0.3063315982953245, -1.3929491049710347
766: -0.5979878838049331, 0.34591190607444045, -1.4608775950428952
767: -0.6125553802287316, 0.3399502378049082, -1.4463257038013189
768: -0.601475288870625, 0.35809551014308383, -1.4435886165558267
769: -0.6040061843014302, 0.34798588467414415, -1.4502639718000137
770: -0.6036525897542679, 0.3482651253399567, -1.4504807309907617
771: -0.6041573497348818, 0.34756143978378073, -1.4504807309907617
772: -0.6042086134151399, 0.34813108889869504, -1.4498304534185174
773: -0.06540924681568061, -0.048425191371327614, -1.3673188905043423
774: -0.06626322717610922, -0.048568974346682836, -1.3673188905043423
775: -0.06585913320618175, -0.04836109378335163, -1.366581677689168
776: -0.15090148999195652, 0.022144729310475064, -1.534164493236693
777: -0.15074340403568076, 0.02129328064471281, -1.534164493236693
778: -0.15041100717520273, 0.02179539579591694, -1.533542093283226
779: -0.310989784709796, 0.1340661281956308, -1.5031002152118378
780: -0.3108551089653435, 0.13321066431921302, -1.5031002152118378
781: -0.3109982168530223, 0.13362646777800968, -1.5023541477777964
782: -0.4510893994505567, 0.24105643080805983, -1.4104561294484137
783: -0.4519208840390547, 0.24081437837760244, -1.4104561294484137
784: -0.45162481611732286, 0.2413465031147446, -1.4098403567226108
785: -0.5336559854790819, 0.2978704765219957, -1.4006889641862872
786: -0.5334177562589852, 0.29703788848539503, -1.4006889641862872
787: -0.5335864115849178, 0.29744000737074927, -1.3999407364247898
788: -0.0822789747061341, -0.0253375270500662, -1.4262689874757055
789: -0.09942484244728433, -0.03411483217526445, -1.4273561983068532
790: -0.09805731876109824, -0.016560221924867946, -1.4194714388829004
791: -0.08837079586558172, -0.005852869624057178, -1.4685092542717046
792: -0.10743314533515758, -0.015572786170543473, -1.4697980654871787
793: -0.10617437490621828, 0.00467983315699616, -1.4628873573685417
794: -0.08949078597319193, 0.0012342686253008495, -1.5022041101938197
795: -0.10837897517438133, -0.0073429094806680695, -1.5076058972831579
796: -0.10766486078896076, 0.011748469006927387, -1.4978837428198757
797: -0.08429847395766021, 0.030484072316542488, -1.5391540244915483
798: -0.10253408028060207, 0.02558855870340615, -1.549303289874731
799: -0.10292646142584871, 0.03847146428107351, -1.5321747242537065
800: -0.07232874799169764, 0.11713411889160774, -1.5885299854659891
801: -0.09066195857398807, 0.11108602020000458, -1.597847971905237
802: -0.09099064518970579, 0.12514547378777685, -1.5816697547833807
803: -0.06794643921416377, 0.17819198116032364, -1.6672469569277264
804: -0.08603401353354023, 0.17495719875876325, -1.6782871932193821
805: -0.08676834140025758, 0.1843141861228741, -1.6590149715163185
806: -0.054032335572141044, 0.27655655533771384, -1.665290937099274
807: -0.07109732873650199, 0.2805102466476388, -1.6776467176349643
808: -0.07360359547098927, 0.27739730990866907, -1.6565863465262973
809: -0.04574099201164383, 0.37183789964726977, -1.6355848922828164
810: -0.06267664779913851, 0.377070909287168, -1.6476393583629148
811: -0.06548534446142185, 0.3709665391394177, -1.6272835516366135
812: -0.05796766142406806, 0.37329178269128516, -1.636835934094115
813: -0.05752986154365569, 0.3733281552319063, -1.6370746751735288
814: -0.05839260278596292, 0.3734032122024189, -1.6370746751735288
815: -0.05798051994258557, 0.37314398063953025, -1.6363584519352874
816: -0.09627883057198616, 0.03120796826206984, -1.5404583576423632
817: -0.09684221334221643, 0.031865658047764533, -1.5404583576423632
818: -0.0966379717499084, 0.03147046899118777, -1.5397153233352594
819: -0.08000134716229823, 0.17953568707914336, -1.6683904600900648
820: -0.08067374730945964, 0.1789899453434325, -1.6683904600900648
821: -0.0800736996762037, 0.17893773361938603, -1.6677682014832977
822: -0.06601137460567497, 0.27778952092266884, -1.6667576406097573
823: -0.06645442429673665, 0.2785336062479171, -1.6667576406097573
824: -0.06626746087722069, 0.27814098472343574, -1.666008720041021
825: -0.07831198814414542, 0.0898244843045024, -1.5689787131399249
826: -0.09140730734637881, 0.0819556248974811, -1.580759950760538
827: -0.09585871767045173, 0.09769334371152372, -1.5705270115001855
828: -0.06268523522569769, 0.11560109729092893, -1.6018044618625935
829: -0.07744677665293676, 0.10652561610539557, -1.614423634389465
830: -0.08173166990544178, 0.12505224519081448, -1.6045284495066054
831: -0.05031089457764093, 0.1272681378273477, -1.6268025800274337
832: -0.0657738823844305, 0.11752188246788098, -1.6380015752446464
833: -0.0678629041479013, 0.138148363982598, -1.6325522424676202
834: -0.02705482936374093, 0.13708044293750277, -1.6697394427559693
835: -0.042752648791092085, 0.12721401317306835, -1.680497835212548
836: -0.04410653230971828, 0.14821669956569572, -1.6764278053562764
837: -0.0379713368215171, 0.13750371855875532, -1.6755550277749314
838: -0.038001437000161786, 0.13702098729956447, -1.675681730224178
839: -0.03833831578168567, 0.13781877717575863, -1.675681730224178
840: -0.03757425768270295, 0.13767139120094285, -1.6753016228764375
841: -0.20457516796049102, 0.06202247134294403, -1.5439895569653626
842: -0.20562296415997494, 0.05238855951257193, -1.5273074180372108
843: -0.204646340430652, 0.07165638317331613, -1.5272746961949792
844: -0.24766924330253026, 0.06404487846383944, -1.5465124038652829
845: -0.24407132925885833, 0.05349878133572172, -1.5281999537501658
846: -0.24656409760850817, 0.07478857769987002, -1.527995855616738
847: -0.2807043351021363, 0.05459601629459421, -1.5353874486838788
848: -0.27651462836169216, 0.04258495899714898, -1.5181337001246071
849: -0.28545168847625746, 0.06193055325452157, -1.5158125110634244
850: -0.3105688539220788, 0.037342685631138295, -1.5480040924902019
851: -0.314850956565917, 0.020187612513989706, -1.535884767318687
852: -0.32712602511953737, 0.03769789976059723, -1.5343936228370167
853: -0.35695609099768344, 0.008961624164632198, -1.6313422654455028
854: -0.36167759498288365, -0.008496277370935168, -1.6198340052202487
855: -0.3739008129141981, 0.009038710297068597, -1.6182128543307515
856: -0.4257489223716542, -0.029190432308339176, -1.6960347352504657
857: -0.4289303653431462, -0.04577771390148566, -1.682834300057306
858: -0.44073476780640686, -0.028005963471851913, -1.680752966717305
859: -0.43180468517373605, -0.034324703227225584, -1.6865406673416923
860: -0.4318759912360761, -0.033869142713967904, -1.6867339781386859
861: -0.4314560884424923, -0.03462653141466365, -1.6867339781386859
862: -0.43208197584263974, -0.034478435553045195, -1.6861540457477049
863: -0.3174069495641305, 0.0321641580700307, -1.5396737754301775
864: -0.31753868743478986, 0.031308236850855486, -1.5396737754301775
865: -0.31760019860861277, 0.03175580298483993, -1.5389349317855507
866: -0.3646561244098132, 0.003033403353438935, -1.6231882204091381
867: -0.36404416099137293, 0.0036461486304428803, -1.6231882204091381
868: -0.36383421349357903, 0.0028245051068838123, -1.6230126841782264
869: -0.36729112004012965, 0.17137108321866812, -1.4826456648794668
870: -0.3616993853360144, 0.16713907470528788, -1.4646727268839508
871: -0.34937708102645093, 0.17560309173204836, -1.4768680180048064
872: -0.38191625575400945, 0.2115193876090684, -1.4695977916365899
873: -0.3749208264582524, 0.2038463866517377, -1.4508441252058124
874: -0.3611224992990536, 0.21284503020456835, -1.4645605956387198
875: -0.3826890743275442, 0.2482691236237553, -1.4463397187115627
876: -0.3744008869755113, 0.24448998446982984, -1.426935207973261
877: -0.36150187094333663, 0.24601447450921832, -1.4439881342570842
878: -0.3765546609514203, 0.28398435878527284, -1.4544288203167224
879: -0.36531644937310226, 0.29622587512237786, -1.4408878137954422
880: -0.3552839678444428, 0.2817073387473261, -1.4530563139176191
881: -0.36787006618314333, 0.3336633191641436, -1.5389265832969212
882: -0.3561538753570046, 0.3482328548356781, -1.5284399021173778
883: -0.3465169607214271, 0.33186145520559673, -1.5383705682470363
884: -0.36287994835040926, 0.39545966691346557, -1.6223288791684796
885: -0.35202093614342633, 0.40088467613175904, -1.604660769247211
886: -0.34160328617325497, 0.3929446051234935, -1.6216295293905656
887: -0.3467628614443026, 0.4948170163850305, -1.6020657635217601
888: -0.33734585741098133, 0.49192493025568673, -1.583027201281484
889: -0.32552231548088173, 0.49217025551145177, -1.6009060896995613
890: -0.33905330145008605, 0.5932588093840003, -1.6047762201186375
891: -0.3293745906318586, 0.5930108961472973, -1.5856510514855457
892: -0.31771357267720823, 0.5916141489957978, -1.6035837238178032
893: -0.3287138215863843, 0.5926279515090318, -1.5980036651406622
894: -0.32828267482233553, 0.5925873800280304, -1.5982535759703187
895: -0.3291460142626219, 0.5926552107795082, -1.5982535759703187
896: -0.32871277567419543, 0.5926412637195568, -1.5975038434813489
897: -0.36547956447771135, 0.286941359480676, -1.4497028169314117
898: -0.36603245400527573, 0.28760789467877856, -1.4497028169314117
899: -0.3656430596859783, 0.28736831849552225, -1.4489673141669606
900: -0.3519721029426748, 0.3968495849456435, -1.6163941295980542
901: -0.35259384779052994, 0.39624676710900886, -1.6163941295980542
902: -0.35193821993388585, 0.39619259611406576, -1.6158309186101478
903: -0.3363510545555384, 0.49258158587870415, -1.5955809069847953
904: -0.3367921045013418, 0.4933268582754202, -1.5955809069847953
905: -0.3364878752792855, 0.49300375799804375, -1.594837240533215
906: -0.3490864365635593, 0.3215138371157611, -1.504131090458731
907: -0.3640286983767158, 0.3124891733441544, -1.5123462075586718
908: -0.3660522552712706, 0.3305385008873678, -1.5058399885351912
909: -0.33503390061187854, 0.33796354101381176, -1.5453769332468978
910: -0.3510274462374303, 0.328582558522589, -1.5561340074375294
911: -0.35321117802551694, 0.3487060088346787, -1.5490778723527574
912: -0.31787772377761225, 0.3484823592438051, -1.572036474099611
913: -0.33439843165472727, 0.3392252159554099, -1.5820805016133699
914: -0.3351128520597495, 0.36010311749483037, -1.5772728192075574
915: -0.30014224791440647, 0.3558815891401945, -1.6204780243550876
916: -0.31854399997940686, 0.34586197989157075, -1.6250050466394543
917: -0.3181546568707878, 0.3672080946944387, -1.6230807872789323
918: -0.2905197567903315, 0.3601385723349235, -1.7146091671347141
919: -0.30427959819561945, 0.35255445977855615, -1.7291919988403082
920: -0.3061537797012459, 0.3727152362187107, -1.7221534253815687
921: -0.2088659293024735, 0.4029435381482669, -1.731842749018332
922: -0.21258113224775332, 0.40059029266124657, -1.7528229892951543
923: -0.21939550398987784, 0.41817840523427474, -1.7426380193296314
924: -0.21361418851336822, 0.40723741201459607, -1.7424345858810393
925: -0.2134584927306049, 0.4068301510198813, -1.7426793026671694
926: -0.21386045138488186, 0.4075972137554196, -1.7426793026671694
927: -0.2135236214246179, 0.40728487126848645, -1.741945152308779
928: -0.31252854858681367, 0.35594699111696393, -1.623081096977782
929: -0.3122308891371075, 0.3567602283836946, -1.623081096977782
930: -0.3120814670406791, 0.35624444422554546, -1.62240166431791
931: -0.30003613599654155, 0.3614089339137383, -1.7221097968790982
932: -0.30080171648591225, 0.3618137085600477, -1.7221097968790982
933: -0.30011528220474215, 0.3621856258584053, -1.7217349975983944
934: -0.04138575154926194, -0.04113623248299625, -0.9474871984674259
935: -0.04160140506378429, -0.04194575740177342, -0.9474502007895316
936: -0.04219295469555462, -0.04253837077231104, -0.9474045467992444
937: -0.04300189519845521, -0.0427552823205497, -0.9473624694463927
938: -0.043811471618010245, -0.04253837077231104, -0.9473352433236931
939: -0.044404758606388484, -0.04194575740177342, -0.9473301636487358
940: -0.04462278539417319, -0.04113623248299625, -0.9473485915163234
941: -0.04440713187965084, -0.04032670756421908, -0.9473855891942178
942: -0.043815582247880513, -0.03973409419368146, -0.947431243184505
943: -0.04300664174497992, -0.039517182645442794, -0.9474733205373567
944: -0.04219706532542489, -0.03973409419368146, -0.9475005466600562
945: -0.04160377833704665, -0.04032670756421908, -0.9475056263350136
946: -0.050584193943931766, -0.05192868928642369, -1.2623465992016756
947: -0.05151664479376539, -0.05511771134513577, -1.2622343371600564
948: -0.05402531355021001, -0.05729486409291251, -1.2620982635491569
949: -0.05731371560850018, -0.05776891691536079, -1.261981580778988
950: -0.06033780654986831, -0.05638936139085082, -1.2619213348046368
951: -0.06213745886763444, -0.05359419665094123, -1.2619366532972824
952: -0.0621412956666445, -0.050270867750862536, -1.262022672743745
953: -0.06034809879032199, -0.04747450813487042, -1.2621520825775572
954: -0.05732719557677601, -0.04609294222290927, -1.2622837960908495
955: -0.05403770145162401, -0.04656480743034752, -1.2623759951737952
956: -0.051524007557148366, -0.048740289887865273, -1.2623994072690063
957: -0.04682618739212696, -0.052412244843862865, -1.3824459648430576
958: -0.048706662652673316, -0.05827224178939794, -1.3818795288644958
959: -0.05367344345234759, -0.06188512990077477, -1.381190522980875
960: -0.059829388340345346, -0.06187090871699841, -1.3806421240212898
961: -0.06482313560232278, -0.05823501024691069, -1.3804438017489065
962: -0.06674724351543038, -0.05236622412644287, -1.3806713085310496
963: -0.06486676825488402, -0.0465062271809078, -1.3812377445096113
964: -0.05989998745520975, -0.04289333906953097, -1.3819267503932322
965: -0.05374404256721199, -0.04290756025330733, -1.3824751493528176
966: -0.04875029530523456, -0.04654345872339505, -1.3826734716252007
967: -0.06786985462517237, -0.06794291941666586, -1.3712106251171117
968: -0.06168796779441177, -0.06808163158686042, -1.368285536140394
969: -0.057450686537039, -0.06400243254540428, -1.3647931595710223
970: -0.05714068184551291, -0.0576140248590411, -1.3623676172192476
971: -0.06090300836031837, -0.05190561548346295, -1.3621438473083658
972: -0.06697723169157577, -0.049548232607407705, -1.364226554266604
973: -0.07252115523511726, -0.05164492187797265, -1.367641216361493
974: -0.0749407155510724, -0.057214619083355345, -1.3707900752490925
975: -0.07310377347718777, -0.06365120100086763, -1.372199744860226
976: -0.10769737199417229, -0.09746742800781405, -1.2840912487791785
977: -0.10078337004951976, -0.09727265767461546, -1.2808144690506431
978: -0.09667695011926103, -0.09195097884713821, -1.2771544562670256
979: -0.09778359730574149, -0.08461975880792405, -1.2752551962785106
980: -0.10345505269588351, -0.07957352682720398, -1.276229249827897
981: -0.11036905464053604, -0.07976829716040257, -1.2795060295564327
982: -0.11447547457079477, -0.08508997598787982, -1.28316604234005
983: -0.11336882738431431, -0.09242119602709398, -1.2850653023285652
984: -0.1478780285143717, -0.1246843754838638, -1.19854988514034
985: -0.14106152400849403, -0.12460713471971196, -1.1931804028734947
986: -0.13841205484233576, -0.11825826566990649, -1.1878913373081752
987: -0.1419247253373337, -0.1104185962222779, -1.1866654626923427
988: -0.14895442296533634, -0.1069915573710043, -1.1904258876150042
989: -0.15420764203275716, -0.11055777926994637, -1.1963409354107062
990: -0.1537286014356889, -0.11843182409153208, -1.199956454444299
991: -0.2138662024387159, -0.16633032327325736, -1.1454276870911169
992: -0.2114230690102934, -0.16885280132609193, -1.1360645570843353
993: -0.21448141192054404, -0.16319991295761227, -1.1284035263614607
994: -0.21998288825921541, -0.15502454653629805, -1.1301056256453674
995: -0.22242602168763792, -0.15250206848346348, -1.139468755652149
996: -0.21936767877738728, -0.15815495685194314, -1.1471297863750238
997: -0.2840270335873507, -0.21450872398971477, -1.188113579666834
998: -0.2878499304066908, -0.2208900782477432, -1.1778249309074273
999: -0.2967639994294293, -0.21397203834353018, -1.172004912617612
1000: -0.2984503002442045, -0.20331510028917066, -1.1786965922587667
1001: -0.29057842244025345, -0.2036467902597865, -1.1886522960086414
1002: -0.3481525065393205, -0.25358736075294974, -1.2525418736745235
1003: -0.35641150091304397, -0.2609366592919997, -1.2402127906900227
1004: -0.36597328922957306, -0.2475109780246294, -1.2386150576031545
1005: -0.3577142948558496, -0.24016167948557943, -1.2509441405876554
1006: -0.41260653642341794, -0.295926169855691, -1.317263495708483
1007: -0.4273739132382284, -0.28992762406496286, -1.302929863589375
1008: -0.42239094671413646, -0.2769573201772362, -1.3192532284691967
1009: -0.4914156914851384, -0.34408840913868755, -1.3603779224626769
1010: -0.5002466380354829, -0.33442615814413124, -1.3434024617012383
1011: -0.5025207000281977, -0.32593469683328813, -1.3629532853713489
1012: -0.5736526819524492, -0.3979447020104576, -1.3435363093898005
1013: -0.5816634431335697, -0.38808036464560836, -1.3262726616590483
1014: -0.5860351937482147, -0.38060445695803224, -1.345881577491653
1015: -0.6477923274169344, -0.4566831316182789, -1.3683342029681602
1016: -0.6602484940816327, -0.4502007858379695, -1.35213747229417
1017: -0.6609073085588788, -0.4399285868977225, -1.3709406335107461
1018: -0.7159803079923801, -0.5189834881709814, -1.404876059243601
1019: -0.7294736986192998, -0.5134145402541694, -1.3891780909734965
1020: -0.7294800304312892, -0.5025677534774271, -1.4076674975580254
1021: -0.7249780123476564, -0.5116552606341926, -1.4005738825917078
1022: -0.725202166125432, -0.5112735615534181, -1.4008063689260266
1023: -0.7246181148132171, -0.5119129675783354, -1.4008063689260266
1024: -0.7251137561043199, -0.5117792527708236, -1.4001089099230697
1025: -0.06550517978622228, -0.05874459761090112, -1.3672495896845096
1026: -0.06631166562392288, -0.05906009181621652, -1.3672495896845096
1027: -0.06571484629565738, -0.059397176726561085, -1.3667202793288333
1028: -0.14694918696072445, -0.11659600665219383, -1.1934419055222414
1029: -0.14612327283303728, -0.11633558035996128, -1.1934419055222414
1030: -0.1467133969789458, -0.11590392705709185, -1.1929777741631011
1031: -0.2919944187059649, -0.21123782799161095, -1.1812511305704039
1032: -0.2911646441000162, -0.21098997702162414, -1.1812511305704039
1033: -0.29144274885877675, -0.2115718336647321, -1.1806731257347614
1034: -0.4203844713760896, -0.28734831967598673, -1.3132900585338598
1035: -0.4208478898835004, -0.28807989283500035, -1.3132900585338598
1036: -0.42113903511619366, -0.2873829015869038, -1.3128664706993352
1037: -0.5803790449227373, -0.3884486203590747, -1.3388121204344643
1038: -0.5805732512597217, -0.3892925634250899, -1.3388121204344643
1039: -0.5803990226517746, -0.38888833982993276, -1.3380663076715733
1040: -0.6567803455184738, -0.4488183357250035, -1.3639462719375985
1041: -0.6559302835011662, -0.44865295565749275, -1.3639462719375985
1042: -0.6562375010378059, -0.44934121297147556, -1.3635197648978792
1043: -0.1012161969807428, -0.07897377650557491, -1.3155080438061038
1044: -0.08889353994313431, -0.08859417951452286, -1.3042030067549442
1045: -0.08798343696050015, -0.06935337349662696, -1.3052832796796665
1046: -0.131281419626033, -0.0756186005097721, -1.2816785826409915
1047: -0.11710599803955724, -0.08639244827425685, -1.2697415559377716
1048: -0.11522261942447276, -0.0651661934234582, -1.272067490012765
1049: -0.152425157690673, -0.06758618067806665, -1.2448120382602712
1050: -0.14309995572376355, -0.07569443958476096, -1.2272961105058426
1051: -0.13836152830538673, -0.055802348405143753, -1.2337275173054918
1052: -0.17854696993195418, -0.053609019953951176, -1.2394391519633594
1053: -0.1883860907755608, -0.051411179321289247, -1.2205216421669214
1054: -0.1759566396981871, -0.03564457553293465, -1.228033894173891
1055: -0.24545642824393887, -0.020273732016386603, -1.3051693665900688
1056: -0.25569608420748047, -0.017733578781520265, -1.2865090330825537
1057: -0.24343429783203963, -0.0019426934719701805, -1.2942425649628586
1058: -0.33671847054378556, 0.02152695467713084, -1.3352233939184042
1059: -0.3388949519726525, 0.020374690520404748, -1.3139291178043184
1060: -0.3302427238383414, 0.03782023076409757, -1.3228903148916242
1061: -0.42714730349630337, 0.06272342701102485, -1.3203186824180313
1062: -0.42803627911081676, 0.060780128093292696, -1.298989259289565
1063: -0.42072847600094043, 0.0789014435873634, -1.3078054329375615
1064: -0.5185112424202805, 0.09456734560813551, -1.3360790089532648
1065: -0.5223961668594779, 0.0937470940347005, -1.3150137406478764
1066: -0.5146313430134235, 0.11169709287615603, -1.3237896184701519
1067: -0.5185129174310603, 0.10000384417299735, -1.3249607893570976
1068: -0.5183326344024657, 0.10039953555048875, -1.3252075997364983
1069: -0.5186180331854633, 0.09958191489598978, -1.3252075997364983
1070: -0.518588084705252, 0.10003008207251352, -1.3244671685982963
1071: -0.18056518721689674, -0.046717822985611335, -1.2295815627592042
1072: -0.18136122732510884, -0.047058815868405546, -1.2295815627592042
1073: -0.18096328586369648, -0.046888135954157306, -1.2288315627857636
1074: -0.33562070400853994, 0.026890106254320756, -1.3242081799595011
1075: -0.33523210279758064, 0.026116190820412832, -1.3242081799595011
1076: -0.335003339548658, 0.02671557888689957, -1.3236264666953448
1077: -0.4248724085649087, 0.06752979401530723, -1.3092825843190719
1078: -0.4257097143491668, 0.06730871705212937, -1.3092825843190719
1079: -0.4253299356939859, 0.06756648762424433, -1.3085482060070142
1080: -0.21682957301635852, -0.0241982719071121, -1.279615101476212
1081: -0.23443793816377756, -0.03145615820004366, -1.2765373658405166
1082: -0.22794294877187227, -0.016940385614180542, -1.2656143922397183
1083: -0.2326407925314573, 0.00463580894631388, -1.3085406056925268
1084: -0.2527849966078737, -0.002321211116738553, -1.306233682787452
1085: -0.24549684982464992, 0.01367078521780396, -1.2939597286966886
1086: -0.2388017043525279, 0.025705915385384692, -1.331295353989254
1087: -0.25990828262163035, 0.022225020625262992, -1.3326761887944365
1088: -0.25200190588342686, 0.033877665268883916, -1.3165140088980525
1089: -0.24032373109819005, 0.07119553383009958, -1.3517218803716906
1090: -0.26156179834369997, 0.06996028866411752, -1.3543543029014313
1091: -0.25342094589511266, 0.07528053395638334, -1.3352510966061402
1092: -0.2423434622787406, 0.16807014483381888, -1.369170413167953
1093: -0.26357193410029467, 0.16617249174069038, -1.37146429114632
1094: -0.25552010922159507, 0.17718643487631347, -1.3549303215065744
1095: -0.24310712056198458, 0.2223318932370537, -1.4509180496739902
1096: -0.2643232939454947, 0.2196970718031448, -1.4524809579541638
1097: -0.2563642471788121, 0.23627213470491704, -1.4414613461784236
1098: -0.25459822056209713, 0.22610036658170518, -1.4482867846021925
1099: -0.254162327106747, 0.22589876216604665, -1.448425858521997
1100: -0.2550282405762774, 0.22588652029991607, -1.448425858521997
1101: -0.2546040940032679, 0.22651581727915282, -1.4480086367625835
1102: -0.2513996606332123, 0.07190275265128054, -1.3473431948534824
1103: -0.2520144081403668, 0.07251270470058291, -1.3473431948534824
1104: -0.2518924065634227, 0.0720208990987361, -1.346640890172297
1105: -0.25411473951916275, 0.1708593974247261, -1.3652956644528684
1106: -0.25332436854510476, 0.17050546279323875, -1.3652956644528684
1107: -0.25399639753636283, 0.17006421123285875, -1.3649736969151105
1108: -0.1926014665124125, -0.14628635107695942, -1.166795993751113
1109: -0.18631032088919408, -0.15052794986052653, -1.1490580620860091
1110: -0.20347410138483557, -0.1420447522933923, -1.1514337496461848
1111: -0.20488175609176196, -0.17093427796236593, -1.1681198123040177
1112: -0.20091329383792544, -0.18327655743706028, -1.151048478904766
1113: -0.22057996086987952, -0.17535509813800587, -1.1542081734703313
1114: -0.20600957784377183, -0.1968636753208619, -1.202299666655228
1115: -0.20388308335120886, -0.20881482994429756, -1.1846316474210346
1116: -0.2234147873693928, -0.20420155741268076, -1.1921643251663694
1117: -0.2005165339262449, -0.24481776466686878, -1.2081224601762428
1118: -0.2015265755761826, -0.231067900141821, -1.1917080756087899
1119: -0.21952377281560587, -0.23945440668149942, -1.199787579238668
1120: -0.19648718724626857, -0.301099084102737, -1.124157107459626
1121: -0.1975484955634199, -0.28544866147534, -1.1095472178104946
1122: -0.2155021820265084, -0.29493789831841166, -1.1164123839294753
1123: -0.1852143720782875, -0.37799154184510453, -1.0642935236600666
1124: -0.18594148890610018, -0.36487029598649023, -1.0473579047591668
1125: -0.2040092214702316, -0.3734964266209069, -1.0550167486398716
1126: -0.19172169415154006, -0.3721194214841672, -1.0555560590197017
1127: -0.19212799374292455, -0.37233338417640294, -1.0557538710728527
1128: -0.19127112107784772, -0.37220798387399334, -1.0557538710728527
1129: -0.1917659676338479, -0.37181689640210447, -1.0551604349133994
1130: -0.20732306674684597, -0.23799727811991733, -1.2000460056231907
1131: -0.20741326617080436, -0.2388585678876014, -1.2000460056231907
1132: -0.20683054940038303, -0.23848422548267045, -1.1995261037773193
1133: -0.2036063359848761, -0.2939242386676586, -1.1169473600270416
1134: -0.20279773764316822, -0.29361419879637296, -1.1169473600270416
1135: -0.20313379120815167, -0.293947206432458, -1.1162219891455125
1136: -0.3271971101182105, -0.23781644091595133, -1.2317127489481408
1137: -0.33997669224524873, -0.24745945518850831, -1.220947134722898
1138: -0.3402949258662691, -0.22817342664339435, -1.2213366518197224
1139: -0.3538025805921645, -0.2390023089967679, -1.265869279712903
1140: -0.3702750462777278, -0.24972538499286934, -1.257314486042698
1141: -0.3700612566186017, -0.22829431368557263, -1.2568968068317639
1142: -0.36998575998123595, -0.23495794462248654, -1.3145111300884404
1143: -0.3864853133157169, -0.24644906690353174, -1.3070794527673593
1144: -0.3843906297726729, -0.22585684391407224, -1.3015041830405336
1145: -0.40834331131961576, -0.20979431139473004, -1.3342484614290304
1146: -0.41578287589022356, -0.2273992088305299, -1.3245411732085894
1147: -0.402583231207724, -0.21415017139499426, -1.314065326388044
1148: -0.4781720249082255, -0.16367936161090668, -1.2753339271352078
1149: -0.4840515883444505, -0.18225752024269148, -1.2664011932327752
1150: -0.4685314898092763, -0.17049450718075398, -1.2574418939028522
1151: -0.5461447788104001, -0.1128414043626993, -1.2234493452432362
1152: -0.5525815037482227, -0.13101494423919657, -1.214079073115268
1153: -0.5370072109436013, -0.1192912878409631, -1.2051623324768914
1154: -0.5452444978340747, -0.12104921214761966, -1.2142302502784652
1155: -0.5450896194804704, -0.12062435073861089, -1.2144435446260684
1156: -0.5456082444512198, -0.12131788093962115, -1.2144435446260684
1157: -0.5450356295705339, -0.12120540476462693, -1.2138036615832588
1158: -0.4084365545837434, -0.21708000422436857, -1.3244613195699886
1159: -0.40926006510099366, -0.21681207433059413, -1.3244613195699886
1160: -0.40901279873282625, -0.2174516130652906, -1.323932321885687
1161: -0.4766709864049101, -0.17177782589115687, -1.2666265540764678
1162: -0.4770043782065132, -0.17257707923436172, -1.2666265540764678
1163: -0.477079738450529, -0.17207648390883268, -1.2659239061178995
1164: -0.46552066865937203, -0.3195133012273441, -1.3500654509564478
1165: -0.4706572679714691, -0.3245076987579223, -1.3321524603054502
1166: -0.4828676824195757, -0.31451890369676594, -1.3432580285250821
1167: -0.48086670228738804, -0.3556936610856356, -1.3656923956305644
1168: -0.4857723766831352, -0.3590312728582461, -1.3450937139810453
1169: -0.5006957497229196, -0.35167439916753374, -1.3586096425815641
1170: -0.4841286575734216, -0.38455802335282474, -1.3664480457822294
1171: -0.4879991489998785, -0.38902643735448716, -1.345843105798151
1172: -0.5043181714680562, -0.3865028786820037, -1.3595117610586243
1173: -0.47964680319966924, -0.42722954280514536, -1.380899680458943
1174: -0.4827718495960083, -0.4382457064118128, -1.362778168277785
1175: -0.4995089838300366, -0.43268365131445563, -1.3749618811784594
1176: -0.47189785767319403, -0.509435325953608, -1.440780403724108
1177: -0.4755398911887303, -0.5159679492357494, -1.420691317028956
1178: -0.4918914470663127, -0.5137667394355221, -1.4343767938243654
1179: -0.45764604465209757, -0.6112547516097626, -1.4364832483036443
1180: -0.4621831715280038, -0.6109046824721664, -1.415535625273075
1181: -0.4778745420118602, -0.6137798738678297, -1.4298543244492101
1182: -0.46590125273065386, -0.6119797693165863, -1.427291066008643
1183: -0.4663284376008594, -0.6120514471949434, -1.4275407945981593
1184: -0.4654708325220911, -0.6119311578401767, -1.4275407945981593
1185: -0.4659044880690111, -0.6119567029146387, -1.4267916088296109
1186: -0.48767081153018044, -0.43248100495969766, -1.3731294923135882
1187: -0.4869643204335645, -0.432981830608405, -1.3731294923135882
1188: -0.48729250466196916, -0.43269606496331114, -1.3723807452880112
1189: -0.480237374899696, -0.5131490435659902, -1.432119673304053
1190: -0.47952161653236924, -0.512661554120359, -1.432119673304053
1191: -0.4795702044961718, -0.5133594169385303, -1.4316091679693237
1192: -0.041385248516876416, -0.04113623248299625, -0.9474742366800404
1193: -0.041601117841718604, -0.041945682205791535, -0.9474368543115296
1194: -0.04219296024472907, -0.04253824052904953, -0.9473943918086282
1195: -0.04300219203197386, -0.04275513192858593, -0.9473582269646972
1196: -0.04381198019957022, -0.04253824052904953, -0.9473380501204625
1197: -0.044405342661971936, -0.041945682205791535, -0.9473392676450423
1198: -0.044623288426558716, -0.04113623248299625, -0.947361553303709
1199: -0.04440741910171653, -0.04032678276020096, -0.9473989356722198
1200: -0.04381557669870606, -0.039734224436942966, -0.9474413981751212
1201: -0.04300634491146127, -0.039517333037406566, -0.9474775630190522
1202: -0.04219655674386491, -0.039734224436942966, -0.9474977398632869
1203: -0.041603194281463196, -0.04032678276020096, -0.9474965223387071
1204: -0.048062502743166036, -0.05275168562840893, -1.2624087027495392
1205: -0.0489980667508485, -0.055941274967347354, -1.2623524099369356
1206: -0.051508130242483574, -0.05811789677995094, -1.2622348182826553
1207: -0.05479576579473644, -0.058590489019993086, -1.2620932623060692
1208: -0.05781717234909056, -0.05720900699043607, -1.2619726850295567
1209: -0.05961307467277699, -0.05441206147458111, -1.261911368886452
1210: -0.059613286467264714, -0.051087662911437626, -1.2619287813189521
1211: -0.057817740489300995, -0.04829128435572638, -1.2620193940027682
1212: -0.05479650990016616, -0.04691075624061902, -1.2621544380510274
1213: -0.05150881406491692, -0.047384386488317, -1.2622910379325833
1214: -0.04899847318149497, -0.04956180084168693, -1.2623858241502102
1215: -0.05073053160154828, -0.04332594980936744, -1.366577673556309
1216: -0.05262741744331212, -0.049180511407017846, -1.3660097530269713
1217: -0.057618856961335396, -0.05280111261274634, -1.36559336429993
1218: -0.06379828991252179, -0.05280480682567301, -1.3654875537163833
1219: -0.06880538294071936, -0.049190182982021824, -1.3657327373228758
1220: -0.07072759669398998, -0.04333790453352204, -1.3662352633152122
1221: -0.06883071085222614, -0.03748334293587163, -1.36680318384455
1222: -0.06383927133420286, -0.03386274173014314, -1.3672195725715912
1223: -0.05765983838301647, -0.03385904751721647, -1.3673253831551382
1224: -0.0526527453548189, -0.037473671360867655, -1.3670801995486455
1225: -0.04627621847115204, -0.06004487406761694, -1.3648407678790515
1226: -0.04982464007193155, -0.061172247918797495, -1.3591024019340285
1227: -0.05614463727566843, -0.06284963219131168, -1.3570936389506782
1228: -0.062279013151790075, -0.06429216014200012, -1.3597544014538239
1229: -0.06535742505186448, -0.06482485691082385, -1.3658396890971622
1230: -0.06393944983511002, -0.06419846775938431, -1.3725021281619367
1231: -0.058688573864484894, -0.06270608713318016, -1.376624289364977
1232: -0.05206174036363098, -0.06104601651317587, -1.3762773676666613
1233: -0.04715971837664856, -0.05999502139210122, -1.3716236915852373
1234: -0.022126252932515023, -0.15631478037553226, -1.3689521872300294
1235: -0.026942962590666752, -0.15523893347141637, -1.3631023577222006
1236: -0.03439532869369266, -0.15652232993627369, -1.3619217745005854
1237: -0.040117856250208916, -0.15941317352689133, -1.3661020072048955
1238: -0.0407583662286628, -0.16221804727458444, -1.373194332210822
1239: -0.03594165657051107, -0.16329389417870033, -1.3790441617186509
1240: -0.028489290467485162, -0.16201049771384302, -1.3802247449402663
1241: -0.022766762910968907, -0.15911965412322537, -1.376044512235956
1242: -0.007349074859102522, -0.22810767721236136, -1.301949328395192
1243: -0.013462460043976776, -0.22555113050695486, -1.29634641574616
1244: -0.021902914864821987, -0.22756430979500308, -1.2962576959642513
1245: -0.026314604687639687, -0.23263125001123264, -1.301749976854797
1246: -0.023375437093776874, -0.23693644182607798, -1.3086874588851036
1247: -0.01529866522950396, -0.23723798799305307, -1.3118460765875062
1248: -0.008166263044740774, -0.23330881809800363, -1.3088473264080371
1249: 0.016880432446377824, -0.31446417742496013, -1.2550931387655524
1250: 0.010912950602480542, -0.3173858493078976, -1.2476196527080814
1251: 0.001349978728208967, -0.31966198670121493, -1.2494550729593124
1252: -0.002245511302165326, -0.3190164522115948, -1.2587639792680143
1253: 0.003721970541731956, -0.31609478032865734, -1.266237465325485
1254: 0.013284942416003531, -0.31381864293534, -1.2644020450742541
1255: 0.03517863438113977, -0.3816651671350124, -1.3289920136704914
1256: 0.027968775932533774, -0.3901454340996917, -1.3228850071279181
1257: 0.015947539824414214, -0.3884867468449853, -1.326617453319913
1258: 0.015727865771415495, -0.37898135478019146, -1.3350312384703193
1259: 0.027613335848335474, -0.3747653866624612, -1.3364987974753146
1260: 0.047036374270938985, -0.4466717124104047, -1.4047578427154752
1261: 0.035645869695343, -0.456737147219096, -1.3981872345286088
1262: 0.02372248980069447, -0.44842264626106676, -1.4061201753469186
1263: 0.03511299437629045, -0.4383572114523755, -1.4126907835337852
1264: 0.053769706827046626, -0.5091021449702717, -1.4816765004203363
1265: 0.032410501879494014, -0.5108349238163763, -1.4822176296091127
1266: 0.04239618052220795, -0.4972093057304914, -1.4954138310755214
1267: 0.06097879580350796, -0.5898010650336687, -1.534362938297161
1268: 0.03958892352289478, -0.5911669599353484, -1.5347074295983882
1269: 0.05037547583534874, -0.5873058135478475, -1.5528251782748927
1270: 0.06545157098260201, -0.6847262159666672, -1.511620803007298
1271: 0.04404631948246962, -0.6858225650840266, -1.5119732319348023
1272: 0.05526235855008377, -0.6894888711871827, -1.5298693110168728
1273: 0.0549200830050518, -0.6866792174126255, -1.5178211153196577
1274: 0.054490265326462506, -0.686756663025232, -1.5180645243175601
1275: 0.055355295874702115, -0.6867156977885989, -1.5180645243175601
1276: 0.05491468781399167, -0.6865652914240457, -1.5173342973238528
1277: -0.056165630890834706, -0.06219000195157953, -1.3672982048047913
1278: -0.05545449294742699, -0.0626842071978535, -1.3672982048047913
1279: -0.05562368164916531, -0.06216891219336418, -1.3666230490882696
1280: -0.016412437395096013, -0.2320714878431751, -1.3038308786285016
1281: -0.016314234188395282, -0.23121107391360773, -1.3038308786285016
1282: -0.016931651198035524, -0.23157641629008374, -1.3033457908177315
1283: 0.02435223462737035, -0.3832516469326368, -1.3301937607066865
1284: 0.02429532237963361, -0.3823875190508641, -1.3301937607066865
1285: 0.024814134047699277, -0.38278728772990434, -1.329627184625001
1286: 0.04291760082190521, -0.5052361172334363, -1.4865654602188727
1287: 0.04320369915063793, -0.5060534933685767, -1.4865654602188727
1288: 0.04245508925620456, -0.5058567639151255, -1.4861770406672248
1289: 0.05017337310160208, -0.5898432484679761, -1.5408660389857072
1290: 0.050606903086577226, -0.5890935767050509, -1.5408660389857072
1291: 0.05016291897357217, -0.5893370133438376, -1.5401634681990277
1292: -0.044026604120286805, -0.12785202555030217, -1.37987228177131
1293: -0.028761609159239754, -0.13118106799261753, -1.3685540973539372
1294: -0.04517335892385699, -0.12452298310798682, -1.3609037203317345
1295: -0.058195735343863575, -0.16823702078384883, -1.374440340572669
1296: -0.041107545580549854, -0.17164401570466037, -1.3619544631288314
1297: -0.057202556794284654, -0.15932947022565536, -1.3549677927490817
1298: -0.08039380438717014, -0.19566975129525588, -1.348894239447563
1299: -0.06765109862496654, -0.20263044267865205, -1.3331245468493216
1300: -0.08163410123945525, -0.18681238871188555, -1.329412972263293
1301: -0.10009882942793613, -0.2118031720471567, -1.3508059664831022
1302: -0.10200191813071591, -0.23039578885708867, -1.3403081651481374
1303: -0.11730717362921972, -0.21548850635115802, -1.3385665963915527
1304: -0.12857876418993275, -0.23619601545087132, -1.4410537798020662
1305: -0.13179570945302377, -0.2559669479095463, -1.4334201389794452
1306: -0.14724586102656634, -0.24119841432217015, -1.4317787336812016
1307: -0.1718070583616882, -0.2673707654654951, -1.5254977713719153
1308: -0.17525495123071355, -0.2872614837433449, -1.518287893392716
1309: -0.1904670656490488, -0.2723071928406027, -1.5161732449964933
1310: -0.20313847436615262, -0.28717127981293356, -1.6171776934616116
1311: -0.2071426095384714, -0.3074290580925725, -1.6114244074427535
1312: -0.22240141223263254, -0.29250557642261743, -1.6094320182972355
1313: -0.21089416537908523, -0.2957019714427078, -1.612678039733867
1314: -0.21092971570200802, -0.2952121514123771, -1.612771856109979
1315: -0.21046689525110462, -0.2959441030707701, -1.612771856109979
1316: -0.21128588518414304, -0.29594965984497623, -1.6124904069816424
1317: -0.1063945374841122, -0.2187969913314891, -1.3434669768813141
1318: -0.10640454993561033, -0.21966293344896304, -1.3434669768813141
1319: -0.10660883376815011, -0.21922754247495124, -1.342746774260164
1320: -0.17954521510308918, -0.2754109226865653, -1.5202280596869735
1321: -0.17875530650930216, -0.2757658880559486, -1.5202280596869735
1322: -0.1792285536290592, -0.2757626313069297, -1.5195027903871774
1323: -0.11591379191011875, -0.23627769775210528, -1.4094480967144791
1324: -0.13147646628873755, -0.24592126118372626, -1.4033646154927943
1325: -0.1316376705068194, -0.2266341343204843, -1.4037943174947256
1326: -0.13176868455107904, -0.23741668328194, -1.4552103872721405
1327: -0.14903819439802124, -0.24813206222903794, -1.4483945481465115
1328: -0.14876148941286438, -0.22670821220037496, -1.4477214481386877
1329: -0.1458336222940897, -0.2336284397654298, -1.4843406511286776
1330: -0.16365480529719179, -0.2441011205874215, -1.4786626785952266
1331: -0.16223029387948618, -0.22293132514706926, -1.4756095641927731
1332: -0.16287984508990583, -0.2247710168258239, -1.5291559576543599
1333: -0.18130231522121498, -0.23493283275871413, -1.5250497342645422
1334: -0.17982271509201464, -0.21376813263938388, -1.5219875076830311
1335: -0.18976177751706036, -0.21037357952845603, -1.6240185476031335
1336: -0.20829946127779486, -0.22047405921177354, -1.6202975839814495
1337: -0.20689236096905095, -0.19927076238210883, -1.6174777876068365
1338: -0.20165119992130176, -0.21003946704077947, -1.6205979730638065
1339: -0.2012369658121278, -0.20977012824254526, -1.6206744957046553
1340: -0.20164582303418133, -0.21053353624091464, -1.6206744957046553
1341: -0.20207081091759616, -0.2098147366388785, -1.620444927782109
1342: -0.1742329800274769, -0.22442199081375147, -1.5256339049619592
1343: -0.17504835925611317, -0.22471373164652686, -1.5256339049619592
1344: -0.1747235361195445, -0.22433625976364358, -1.5249253896780148
1345: 0.0043197694022207855, -0.2891500444580437, -1.2619986760777264
1346: -0.009232856367082931, -0.2956579923512823, -1.2740890376200995
1347: 0.0036541965535299425, -0.2826420965648051, -1.280148263407778
1348: 0.027883412217592607, -0.31664866013238324, -1.2733115136336164
1349: 0.009233271958800415, -0.3199103785993884, -1.283363599998614
1350: 0.020543731590238146, -0.3021234384415665, -1.2872635028265973
1351: 0.04198005556287221, -0.32710296714424025, -1.3167411776841016
1352: 0.024622979059438777, -0.32936860169108506, -1.3291149311435053
1353: 0.03408566084337039, -0.3102172937565184, -1.3273271847488968
1354: 0.055716842666904576, -0.33054144151065934, -1.3291991794277183
1355: 0.06512595472252602, -0.3385589977586525, -1.3467119856407446
1356: 0.06715299265578789, -0.31773744714024765, -1.342035969560544
1357: 0.1278665706092399, -0.3482202381943065, -1.252234769044211
1358: 0.12333385148591436, -0.3532054559460782, -1.2725845366260893
1359: 0.1285502021912448, -0.333073482941427, -1.267387967798582
1360: 0.17441542413972755, -0.35596485212318374, -1.3520541154799701
1361: 0.15459079425431188, -0.3579020763821763, -1.35997511234884
1362: 0.16335938247173143, -0.33847813764414614, -1.357665687334998
1363: 0.16412186695525666, -0.35078168871650206, -1.3565649717212693
1364: 0.1638257060993693, -0.3511731597204726, -1.3566599885644641
1365: 0.16396124820794888, -0.3503178326854721, -1.3566599885644641
1366: 0.16457864655845178, -0.3508540737435615, -1.35637493803488
1367: 0.062200244428513685, -0.3290137811461582, -1.3394864364271688
1368: 0.06303839038933479, -0.32923165117245556, -1.3394864364271688
1369: 0.06275715522737002, -0.32859245409094573, -1.338974261774669
1370: 0.12693497061421333, -0.3445115994397021, -1.2642212432551954
1371: 0.1265974805405783, -0.3453091309125593, -1.2642212432551954
1372: 0.12621817313160744, -0.3446784467295494, -1.2637647869584916
1373: 0.04280881957388516, -0.4265634488332024, -1.3829755981958356
1374: 0.027199269324926334, -0.4350127732158695, -1.375415522022217
1375: 0.02553869610138726, -0.4181141244505353, -1.384574236982534
1376: 0.036529384124609265, -0.44957248484343104, -1.4243134963453465
1377: 0.019440714105396495, -0.45834915477221205, -1.4148025341828907
1378: 0.017685525081950537, -0.43935755616168315, -1.4245877001512584
1379: 0.024735761368288145, -0.4640197498406424, -1.4522476563756124
1380: 0.007624193346986274, -0.47234771500766914, -1.4423810351023927
1381: 0.007145456969580799, -0.4521019589243247, -1.4494089189527892
1382: 0.0074386340760241865, -0.47575684994807776, -1.496524879628634
1383: -0.01058778162037477, -0.484670414288189, -1.4891014244213001
1384: -0.010051736422926005, -0.4637160963590139, -1.4935892072802797
1385: -0.02096917669038234, -0.4942993241947846, -1.5959308998221384
1386: -0.033771370762919695, -0.5000879594087673, -1.579741196038297
1387: -0.03602066318456121, -0.4807970591200048, -1.5888138378239598
1388: -0.11324840169304196, -0.5464765021507141, -1.615163688979206
1389: -0.11238361916762063, -0.5446153093036523, -1.5938259503059125
1390: -0.12257186185950975, -0.5297821196019443, -1.6054744340460534
1391: -0.19404458039764538, -0.600098852106588, -1.5825531048484227
1392: -0.18885173840894698, -0.5954775876441856, -1.5622753020540134
1393: -0.2019361102229933, -0.5824913050499818, -1.5732145277092084
1394: -0.19494414300986218, -0.5926892482669182, -1.5726809782038815
1395: -0.19525066733695606, -0.5923730392982058, -1.572917713763115
1396: -0.1947714763951609, -0.5930943797457768, -1.572917713763115
1397: -0.19481028529746958, -0.5926003257567718, -1.5722075070854147
1398: -0.0042538574056596445, -0.4742988973345019, -1.4933081804592558
1399: -0.004385635310161007, -0.4751548123909677, -1.4933081804592558
1400: -0.004561391251455937, -0.4746896508698102, -1.4925991504117022
1401: -0.11649409358017149, -0.5404848096054709, -1.604997306586564
1402: -0.11562868649558133, -0.5404527693504555, -1.604997306586564
1403: -0.11608110264441862, -0.5399363521003853, -1.604469460158044
1404: -0.012923701463031456, -0.4862134539486611, -1.5639707621243224
1405: -0.02745962411924996, -0.4956775585380786, -1.5555243682131794
1406: -0.025238154043514704, -0.4767493493592436, -1.5525257249809665
1407: -0.037638771869563215, -0.47766970216968385, -1.599344215352967
1408: -0.053384133880461704, -0.4883387832410877, -1.5894565835051688
1409: -0.04990358433744646, -0.46769024125635994, -1.5848702485737078
1410: -0.06043643783872099, -0.4656085370612484, -1.6195027777216093
1411: -0.0749231833762769, -0.47693827986592385, -1.6084899619585995
1412: -0.0683020138281174, -0.4579382841223234, -1.6010959606820465
1413: -0.09864946095308724, -0.4403388727096891, -1.6414005082058245
1414: -0.11274943660130621, -0.4519154850213756, -1.6301451222317878
1415: -0.1051631618939739, -0.43353150164436993, -1.622145836602503
1416: -0.10552068648278912, -0.44192861979181153, -1.6312304890133718
1417: -0.10519196409673714, -0.4416269184544417, -1.6314561145791608
1418: -0.10566981732717995, -0.4423491457664115, -1.6314561145791608
1419: -0.10570027802445026, -0.4418097951545805, -1.6307792378817934
