# Root face definitions (point indices)
0: [1, 2, 17, 16]
1: [2, 3, 18, 17]
2: [3, 4, 19, 18]
3: [4, 5, 20, 19]
4: [5, 6, 21, 20]
5: [6, 7, 22, 21]
6: [7, 8, 23, 22]
7: [8, 9, 24, 23]
8: [9, 10, 25, 24]
9: [10, 11, 26, 25]
10: [11, 12, 27, 26]
11: [12, 13, 28, 27]
12: [13, 14, 29, 28]
13: [14, 15, 30, 29]
14: [0, 1, 16, 30]
15: [15, 0, 30]
16: [17, 18, 32, 31]
17: [18, 19, 33, 32]
18: [19, 20, 34, 33]
19: [20, 21, 35, 34]
20: [21, 22, 36, 35]
21: [22, 23, 37, 36]
22: [23, 24, 38, 37]
23: [24, 25, 39, 38]
24: [25, 26, 40, 39]
25: [26, 27, 41, 40]
26: [27, 28, 42, 41]
27: [28, 29, 43, 42]
28: [29, 30, 44, 43]
29: [16, 17, 31, 44]
30: [30, 16, 44]
31: [32, 33, 46, 45]
32: [33, 34, 47, 46]
33: [34, 35, 48, 47]
34: [35, 36, 49, 48]
35: [36, 37, 50, 49]
36: [37, 38, 51, 50]
37: [38, 39, 52, 51]
38: [39, 40, 53, 52]
39: [40, 41, 54, 53]
40: [41, 42, 55, 54]
41: [42, 43, 56, 55]
42: [43, 44, 57, 56]
43: [31, 32, 45, 57]
44: [44, 31, 57]
45: [46, 47, 59, 58]
46: [47, 48, 60, 59]
47: [48, 49, 61, 60]
48: [49, 50, 62, 61]
49: [50, 51, 63, 62]
50: [51, 52, 64, 63]
51: [52, 53, 65, 64]
52: [53, 54, 66, 65]
53: [54, 55, 67, 66]
54: [55, 56, 68, 67]
55: [56, 57, 69, 68]
56: [45, 46, 58, 69]
57: [57, 45, 69]
58: [59, 60, 71, 70]
59: [60, 61, 72, 71]
60: [61, 62, 73, 72]
61: [62, 63, 74, 73]
62: [63, 64, 75, 74]
63: [64, 65, 76, 75]
64: [65, 66, 77, 76]
65: [66, 67, 78, 77]
66: [67, 68, 79, 78]
67: [68, 69, 80, 79]
68: [58, 59, 70, 80]
69: [69, 58, 80]
70: [71, 72, 82, 81]
71: [72, 73, 83, 82]
72: [73, 74, 84, 83]
73: [74, 75, 85, 84]
74: [75, 76, 86, 85]
75: [76, 77, 87, 86]
76: [77, 78, 88, 87]
77: [78, 79, 89, 88]
78: [79, 80, 90, 89]
79: [70, 71, 81, 90]
80: [80, 70, 90]
81: [82, 83, 92, 91]
82: [83, 84, 93, 92]
83: [84, 85, 94, 93]
84: [85, 86, 95, 94]
85: [86, 87, 96, 95]
86: [87, 88, 97, 96]
87: [88, 89, 98, 97]
88: [89, 90, 99, 98]
89: [81, 82, 91, 99]
90: [90, 81, 99]
91: [92, 93, 101, 100]
92: [93, 94, 102, 101]
93: [94, 95, 103, 102]
94: [95, 96, 104, 103]
95: [96, 97, 105, 104]
96: [97, 98, 106, 105]
97: [98, 99, 107, 106]
98: [91, 92, 100, 107]
99: [99, 91, 107]
100: [101, 102, 109, 108]
101: [102, 103, 110, 109]
102: [103, 104, 111, 110]
103: [104, 105, 112, 111]
104: [105, 106, 113, 112]
105: [106, 107, 114, 113]
106: [100, 101, 108, 114]
107: [107, 100, 114]
108: [113, 114, 115]
109: [112, 113, 115]
110: [111, 112, 115]
111: [110, 111, 115]
112: [109, 110, 115]
113: [108, 109, 115]
114: [114, 108, 115]
115: [116, 117, 118]
116: [119, 120, 121]
117: [122, 123, 124]
118: [125, 126, 127]
119: [128, 129, 130]
120: [131, 132, 133]
121: [134, 135, 136]
122: [137, 138, 139]
123: [141, 142, 153, 152]
124: [142, 143, 154, 153]
125: [143, 144, 155, 154]
126: [144, 145, 156, 155]
127: [145, 146, 157, 156]
128: [146, 147, 158, 157]
129: [147, 148, 159, 158]
130: [148, 149, 160, 159]
131: [149, 150, 161, 160]
132: [150, 151, 162, 161]
133: [140, 141, 152, 162]
134: [151, 140, 162]
135: [153, 154, 164, 163]
136: [154, 155, 165, 164]
137: [155, 156, 166, 165]
138: [156, 157, 167, 166]
139: [157, 158, 168, 167]
140: [158, 159, 169, 168]
141: [159, 160, 170, 169]
142: [160, 161, 171, 170]
143: [161, 162, 172, 171]
144: [152, 153, 163, 172]
145: [162, 152, 172]
146: [164, 165, 174, 173]
147: [165, 166, 175, 174]
148: [166, 167, 176, 175]
149: [167, 168, 177, 176]
150: [168, 169, 178, 177]
151: [169, 170, 179, 178]
152: [170, 171, 180, 179]
153: [171, 172, 181, 180]
154: [163, 164, 173, 181]
155: [172, 163, 181]
156: [174, 175, 183, 182]
157: [175, 176, 184, 183]
158: [176, 177, 185, 184]
159: [177, 178, 186, 185]
160: [178, 179, 187, 186]
161: [179, 180, 188, 187]
162: [180, 181, 189, 188]
163: [173, 174, 182, 189]
164: [181, 173, 189]
165: [183, 184, 191, 190]
166: [184, 185, 192, 191]
167: [185, 186, 193, 192]
168: [186, 187, 194, 193]
169: [187, 188, 195, 194]
170: [188, 189, 196, 195]
171: [182, 183, 190, 196]
172: [189, 182, 196]
173: [191, 192, 198, 197]
174: [192, 193, 199, 198]
175: [193, 194, 200, 199]
176: [194, 195, 201, 200]
177: [195, 196, 202, 201]
178: [190, 191, 197, 202]
179: [196, 190, 202]
180: [198, 199, 204, 203]
181: [199, 200, 205, 204]
182: [200, 201, 206, 205]
183: [201, 202, 207, 206]
184: [197, 198, 203, 207]
185: [202, 197, 207]
186: [204, 205, 209, 208]
187: [205, 206, 210, 209]
188: [206, 207, 211, 210]
189: [203, 204, 208, 211]
190: [207, 203, 211]
191: [209, 210, 213, 212]
192: [210, 211, 214, 213]
193: [208, 209, 212, 214]
194: [211, 208, 214]
195: [212, 213, 216, 215]
196: [213, 214, 217, 216]
197: [214, 212, 215, 217]
198: [215, 216, 219, 218]
199: [216, 217, 220, 219]
200: [217, 215, 218, 220]
201: [218, 219, 222, 221]
202: [219, 220, 223, 222]
203: [220, 218, 221, 223]
204: [222, 223, 224]
205: [221, 222, 224]
206: [223, 221, 224]
207: [225, 226, 227]
208: [228, 229, 230]
209: [231, 232, 233]
210: [234, 235, 236]
211: [237, 238, 239]
212: [240, 241, 242]
213: [243, 244, 247, 246]
214: [244, 245, 248, 247]
215: [245, 243, 246, 248]
216: [246, 247, 250, 249]
217: [247, 248, 251, 250]
218: [248, 246, 249, 251]
219: [249, 250, 253, 252]
220: [250, 251, 254, 253]
221: [251, 249, 252, 254]
222: [252, 253, 256, 255]
223: [253, 254, 257, 256]
224: [254, 252, 255, 257]
225: [256, 257, 258]
226: [255, 256, 258]
227: [257, 255, 258]
228: [259, 260, 261]
229: [262, 263, 264]
230: [265, 266, 269, 268]
231: [266, 267, 270, 269]
232: [267, 265, 268, 270]
233: [268, 269, 272, 271]
234: [269, 270, 273, 272]
235: [270, 268, 271, 273]
236: [271, 272, 275, 274]
237: [272, 273, 276, 275]
238: [273, 271, 274, 276]
239: [274, 275, 278, 277]
240: [275, 276, 279, 278]
241: [276, 274, 277, 279]
242: [277, 278, 281, 280]
243: [278, 279, 282, 281]
244: [279, 277, 280, 282]
245: [280, 281, 284, 283]
246: [281, 282, 285, 284]
247: [282, 280, 283, 285]
248: [284, 285, 286]
249: [283, 284, 286]
250: [285, 283, 286]
251: [287, 288, 289]
252: [290, 291, 292]
253: [293, 294, 295]
254: [296, 297, 300, 299]
255: [297, 298, 301, 300]
256: [298, 296, 299, 301]
257: [299, 300, 303, 302]
258: [300, 301, 304, 303]
259: [301, 299, 302, 304]
260: [302, 303, 306, 305]
261: [303, 304, 307, 306]
262: [304, 302, 305, 307]
263: [305, 306, 309, 308]
264: [306, 307, 310, 309]
265: [307, 305, 308, 310]
266: [309, 310, 311]
267: [308, 309, 311]
268: [310, 308, 311]
269: [312, 313, 314]
270: [315, 316, 317]
271: [318, 319, 322, 321]
272: [319, 320, 323, 322]
273: [320, 318, 321, 323]
274: [321, 322, 325, 324]
275: [322, 323, 326, 325]
276: [323, 321, 324, 326]
277: [324, 325, 328, 327]
278: [325, 326, 329, 328]
279: [326, 324, 327, 329]
280: [327, 328, 331, 330]
281: [328, 329, 332, 331]
282: [329, 327, 330, 332]
283: [331, 332, 333]
284: [330, 331, 333]
285: [332, 330, 333]
286: [334, 335, 336]
287: [337, 338, 339]
288: [340, 341, 344, 343]
289: [341, 342, 345, 344]
290: [342, 340, 343, 345]
291: [343, 344, 347, 346]
292: [344, 345, 348, 347]
293: [345, 343, 346, 348]
294: [346, 347, 350, 349]
295: [347, 348, 351, 350]
296: [348, 346, 349, 351]
297: [349, 350, 353, 352]
298: [350, 351, 354, 353]
299: [351, 349, 352, 354]
300: [353, 354, 355]
301: [352, 353, 355]
302: [354, 352, 355]
303: [356, 357, 358]
304: [359, 360, 361]
305: [363, 364, 375, 374]
306: [364, 365, 376, 375]
307: [365, 366, 377, 376]
308: [366, 367, 378, 377]
309: [367, 368, 379, 378]
310: [368, 369, 380, 379]
311: [369, 370, 381, 380]
312: [370, 371, 382, 381]
313: [371, 372, 383, 382]
314: [372, 373, 384, 383]
315: [362, 363, 374, 384]
316: [373, 362, 384]
317: [375, 376, 386, 385]
318: [376, 377, 387, 386]
319: [377, 378, 388, 387]
320: [378, 379, 389, 388]
321: [379, 380, 390, 389]
322: [380, 381, 391, 390]
323: [381, 382, 392, 391]
324: [382, 383, 393, 392]
325: [383, 384, 394, 393]
326: [374, 375, 385, 394]
327: [384, 374, 394]
328: [386, 387, 396, 395]
329: [387, 388, 397, 396]
330: [388, 389, 398, 397]
331: [389, 390, 399, 398]
332: [390, 391, 400, 399]
333: [391, 392, 401, 400]
334: [392, 393, 402, 401]
335: [393, 394, 403, 402]
336: [385, 386, 395, 403]
337: [394, 385, 403]
338: [396, 397, 405, 404]
339: [397, 398, 406, 405]
340: [398, 399, 407, 406]
341: [399, 400, 408, 407]
342: [400, 401, 409, 408]
343: [401, 402, 410, 409]
344: [402, 403, 411, 410]
345: [395, 396, 404, 411]
346: [403, 395, 411]
347: [405, 406, 413, 412]
348: [406, 407, 414, 413]
349: [407, 408, 415, 414]
350: [408, 409, 416, 415]
351: [409, 410, 417, 416]
352: [410, 411, 418, 417]
353: [404, 405, 412, 418]
354: [411, 404, 418]
355: [413, 414, 420, 419]
356: [414, 415, 421, 420]
357: [415, 416, 422, 421]
358: [416, 417, 423, 422]
359: [417, 418, 424, 423]
360: [412, 413, 419, 424]
361: [418, 412, 424]
362: [420, 421, 426, 425]
363: [421, 422, 427, 426]
364: [422, 423, 428, 427]
365: [423, 424, 429, 428]
366: [419, 420, 425, 429]
367: [424, 419, 429]
368: [426, 427, 431, 430]
369: [427, 428, 432, 431]
370: [428, 429, 433, 432]
371: [425, 426, 430, 433]
372: [429, 425, 433]
373: [431, 432, 435, 434]
374: [432, 433, 436, 435]
375: [430, 431, 434, 436]
376: [433, 430, 436]
377: [434, 435, 438, 437]
378: [435, 436, 439, 438]
379: [436, 434, 437, 439]
380: [437, 438, 441, 440]
381: [438, 439, 442, 441]
382: [439, 437, 440, 442]
383: [440, 441, 444, 443]
384: [441, 442, 445, 444]
385: [442, 440, 443, 445]
386: [443, 444, 447, 446]
387: [444, 445, 448, 447]
388: [445, 443, 446, 448]
389: [447, 448, 449]
390: [446, 447, 449]
391: [448, 446, 449]
392: [450, 451, 452]
393: [453, 454, 455]
394: [456, 457, 458]
395: [459, 460, 461]
396: [462, 463, 464]
397: [465, 466, 467]
398: [468, 469, 470]
399: [471, 472, 475, 474]
400: [472, 473, 476, 475]
401: [473, 471, 474, 476]
402: [474, 475, 478, 477]
403: [475, 476, 479, 478]
404: [476, 474, 477, 479]
405: [477, 478, 481, 480]
406: [478, 479, 482, 481]
407: [479, 477, 480, 482]
408: [480, 481, 484, 483]
409: [481, 482, 485, 484]
410: [482, 480, 483, 485]
411: [483, 484, 487, 486]
412: [484, 485, 488, 487]
413: [485, 483, 486, 488]
414: [486, 487, 490, 489]
415: [487, 488, 491, 490]
416: [488, 486, 489, 491]
417: [489, 490, 493, 492]
418: [490, 491, 494, 493]
419: [491, 489, 492, 494]
420: [493, 494, 495]
421: [492, 493, 495]
422: [494, 492, 495]
423: [496, 497, 498]
424: [499, 500, 501]
425: [502, 503, 504]
426: [505, 506, 507]
427: [508, 509, 512, 511]
428: [509, 510, 513, 512]
429: [510, 508, 511, 513]
430: [511, 512, 515, 514]
431: [512, 513, 516, 515]
432: [513, 511, 514, 516]
433: [514, 515, 518, 517]
434: [515, 516, 519, 518]
435: [516, 514, 517, 519]
436: [517, 518, 521, 520]
437: [518, 519, 522, 521]
438: [519, 517, 520, 522]
439: [520, 521, 524, 523]
440: [521, 522, 525, 524]
441: [522, 520, 523, 525]
442: [524, 525, 526]
443: [523, 524, 526]
444: [525, 523, 526]
445: [527, 528, 529]
446: [530, 531, 532]
447: [533, 534, 535]
448: [536, 537, 540, 539]
449: [537, 538, 541, 540]
450: [538, 536, 539, 541]
451: [539, 540, 543, 542]
452: [540, 541, 544, 543]
453: [541, 539, 542, 544]
454: [542, 543, 546, 545]
455: [543, 544, 547, 546]
456: [544, 542, 545, 547]
457: [545, 546, 549, 548]
458: [546, 547, 550, 549]
459: [547, 545, 548, 550]
460: [548, 549, 552, 551]
461: [549, 550, 553, 552]
462: [550, 548, 551, 553]
463: [551, 552, 555, 554]
464: [552, 553, 556, 555]
465: [553, 551, 554, 556]
466: [554, 555, 558, 557]
467: [555, 556, 559, 558]
468: [556, 554, 557, 559]
469: [558, 559, 560]
470: [557, 558, 560]
471: [559, 557, 560]
472: [561, 562, 563]
473: [564, 565, 566]
474: [567, 568, 569]
475: [570, 571, 572]
476: [573, 574, 577, 576]
477: [574, 575, 578, 577]
478: [575, 573, 576, 578]
479: [576, 577, 580, 579]
480: [577, 578, 581, 580]
481: [578, 576, 579, 581]
482: [579, 580, 583, 582]
483: [580, 581, 584, 583]
484: [581, 579, 582, 584]
485: [582, 583, 586, 585]
486: [583, 584, 587, 586]
487: [584, 582, 585, 587]
488: [585, 586, 589, 588]
489: [586, 587, 590, 589]
490: [587, 585, 588, 590]
491: [589, 590, 591]
492: [588, 589, 591]
493: [590, 588, 591]
494: [592, 593, 594]
495: [595, 596, 597]
496: [598, 599, 600]
497: [601, 602, 605, 604]
498: [602, 603, 606, 605]
499: [603, 601, 604, 606]
500: [604, 605, 608, 607]
501: [605, 606, 609, 608]
502: [606, 604, 607, 609]
503: [607, 608, 611, 610]
504: [608, 609, 612, 611]
505: [609, 607, 610, 612]
506: [610, 611, 614, 613]
507: [611, 612, 615, 614]
508: [612, 610, 613, 615]
509: [613, 614, 617, 616]
510: [614, 615, 618, 617]
511: [615, 613, 616, 618]
512: [616, 617, 620, 619]
513: [617, 618, 621, 620]
514: [618, 616, 619, 621]
515: [620, 621, 622]
516: [619, 620, 622]
517: [621, 619, 622]
518: [623, 624, 625]
519: [626, 627, 628]
520: [629, 630, 631]
521: [632, 633, 636, 635]
522: [633, 634, 637, 636]
523: [634, 632, 635, 637]
524: [635, 636, 639, 638]
525: [636, 637, 640, 639]
526: [637, 635, 638, 640]
527: [638, 639, 642, 641]
528: [639, 640, 643, 642]
529: [640, 638, 641, 643]
530: [641, 642, 645, 644]
531: [642, 643, 646, 645]
532: [643, 641, 644, 646]
533: [644, 645, 648, 647]
534: [645, 646, 649, 648]
535: [646, 644, 647, 649]
536: [648, 649, 650]
537: [647, 648, 650]
538: [649, 647, 650]
539: [651, 652, 653]
540: [654, 655, 656]
541: [657, 658, 659]
542: [660, 661, 664, 663]
543: [661, 662, 665, 664]
544: [662, 660, 663, 665]
545: [663, 664, 667, 666]
546: [664, 665, 668, 667]
547: [665, 663, 666, 668]
548: [666, 667, 670, 669]
549: [667, 668, 671, 670]
550: [668, 666, 669, 671]
551: [669, 670, 673, 672]
552: [670, 671, 674, 673]
553: [671, 669, 672, 674]
554: [672, 673, 676, 675]
555: [673, 674, 677, 676]
556: [674, 672, 675, 677]
557: [676, 677, 678]
558: [675, 676, 678]
559: [677, 675, 678]
560: [679, 680, 681]
561: [682, 683, 684]
562: [685, 686, 687]
563: [689, 690, 701, 700]
564: [690, 691, 702, 701]
565: [691, 692, 703, 702]
566: [692, 693, 704, 703]
567: [693, 694, 705, 704]
568: [694, 695, 706, 705]
569: [695, 696, 707, 706]
570: [696, 697, 708, 707]
571: [697, 698, 709, 708]
572: [698, 699, 710, 709]
573: [688, 689, 700, 710]
574: [699, 688, 710]
575: [701, 702, 712, 711]
576: [702, 703, 713, 712]
577: [703, 704, 714, 713]
578: [704, 705, 715, 714]
579: [705, 706, 716, 715]
580: [706, 707, 717, 716]
581: [707, 708, 718, 717]
582: [708, 709, 719, 718]
583: [709, 710, 720, 719]
584: [700, 701, 711, 720]
585: [710, 700, 720]
586: [712, 713, 722, 721]
587: [713, 714, 723, 722]
588: [714, 715, 724, 723]
589: [715, 716, 725, 724]
590: [716, 717, 726, 725]
591: [717, 718, 727, 726]
592: [718, 719, 728, 727]
593: [719, 720, 729, 728]
594: [711, 712, 721, 729]
595: [720, 711, 729]
596: [722, 723, 731, 730]
597: [723, 724, 732, 731]
598: [724, 725, 733, 732]
599: [725, 726, 734, 733]
600: [726, 727, 735, 734]
601: [727, 728, 736, 735]
602: [728, 729, 737, 736]
603: [721, 722, 730, 737]
604: [729, 721, 737]
605: [731, 732, 739, 738]
606: [732, 733, 740, 739]
607: [733, 734, 741, 740]
608: [734, 735, 742, 741]
609: [735, 736, 743, 742]
610: [736, 737, 744, 743]
611: [730, 731, 738, 744]
612: [737, 730, 744]
613: [739, 740, 746, 745]
614: [740, 741, 747, 746]
615: [741, 742, 748, 747]
616: [742, 743, 749, 748]
617: [743, 744, 750, 749]
618: [738, 739, 745, 750]
619: [744, 738, 750]
620: [746, 747, 752, 751]
621: [747, 748, 753, 752]
622: [748, 749, 754, 753]
623: [749, 750, 755, 754]
624: [745, 746, 751, 755]
625: [750, 745, 755]
626: [752, 753, 757, 756]
627: [753, 754, 758, 757]
628: [754, 755, 759, 758]
629: [751, 752, 756, 759]
630: [755, 751, 759]
631: [757, 758, 761, 760]
632: [758, 759, 762, 761]
633: [756, 757, 760, 762]
634: [759, 756, 762]
635: [760, 761, 764, 763]
636: [761, 762, 765, 764]
637: [762, 760, 763, 765]
638: [763, 764, 767, 766]
639: [764, 765, 768, 767]
640: [765, 763, 766, 768]
641: [767, 768, 769]
642: [766, 767, 769]
643: [768, 766, 769]
644: [770, 771, 772]
645: [773, 774, 775]
646: [776, 777, 778]
647: [779, 780, 781]
648: [782, 783, 784]
649: [785, 786, 787]
650: [788, 789, 792, 791]
651: [789, 790, 793, 792]
652: [790, 788, 791, 793]
653: [791, 792, 795, 794]
654: [792, 793, 796, 795]
655: [793, 791, 794, 796]
656: [794, 795, 798, 797]
657: [795, 796, 799, 798]
658: [796, 794, 797, 799]
659: [797, 798, 801, 800]
660: [798, 799, 802, 801]
661: [799, 797, 800, 802]
662: [800, 801, 804, 803]
663: [801, 802, 805, 804]
664: [802, 800, 803, 805]
665: [803, 804, 807, 806]
666: [804, 805, 808, 807]
667: [805, 803, 806, 808]
668: [806, 807, 810, 809]
669: [807, 808, 811, 810]
670: [808, 806, 809, 811]
671: [810, 811, 812]
672: [809, 810, 812]
673: [811, 809, 812]
674: [813, 814, 815]
675: [816, 817, 818]
676: [819, 820, 821]
677: [822, 823, 824]
678: [825, 826, 829, 828]
679: [826, 827, 830, 829]
680: [827, 825, 828, 830]
681: [828, 829, 832, 831]
682: [829, 830, 833, 832]
683: [830, 828, 831, 833]
684: [831, 832, 835, 834]
685: [832, 833, 836, 835]
686: [833, 831, 834, 836]
687: [835, 836, 837]
688: [834, 835, 837]
689: [836, 834, 837]
690: [838, 839, 840]
691: [841, 842, 845, 844]
692: [842, 843, 846, 845]
693: [843, 841, 844, 846]
694: [844, 845, 848, 847]
695: [845, 846, 849, 848]
696: [846, 844, 847, 849]
697: [847, 848, 851, 850]
698: [848, 849, 852, 851]
699: [849, 847, 850, 852]
700: [850, 851, 854, 853]
701: [851, 852, 855, 854]
702: [852, 850, 853, 855]
703: [853, 854, 857, 856]
704: [854, 855, 858, 857]
705: [855, 853, 856, 858]
706: [857, 858, 859]
707: [856, 857, 859]
708: [858, 856, 859]
709: [860, 861, 862]
710: [863, 864, 865]
711: [866, 867, 868]
712: [869, 870, 873, 872]
713: [870, 871, 874, 873]
714: [871, 869, 872, 874]
715: [872, 873, 876, 875]
716: [873, 874, 877, 876]
717: [874, 872, 875, 877]
718: [875, 876, 879, 878]
719: [876, 877, 880, 879]
720: [877, 875, 878, 880]
721: [878, 879, 882, 881]
722: [879, 880, 883, 882]
723: [880, 878, 881, 883]
724: [881, 882, 885, 884]
725: [882, 883, 886, 885]
726: [883, 881, 884, 886]
727: [884, 885, 888, 887]
728: [885, 886, 889, 888]
729: [886, 884, 887, 889]
730: [887, 888, 891, 890]
731: [888, 889, 892, 891]
732: [889, 887, 890, 892]
733: [891, 892, 893]
734: [890, 891, 893]
735: [892, 890, 893]
736: [894, 895, 896]
737: [897, 898, 899]
738: [900, 901, 902]
739: [903, 904, 905]
740: [906, 907, 910, 909]
741: [907, 908, 911, 910]
742: [908, 906, 909, 911]
743: [909, 910, 913, 912]
744: [910, 911, 914, 913]
745: [911, 909, 912, 914]
746: [912, 913, 916, 915]
747: [913, 914, 917, 916]
748: [914, 912, 915, 917]
749: [915, 916, 919, 918]
750: [916, 917, 920, 919]
751: [917, 915, 918, 920]
752: [918, 919, 922, 921]
753: [919, 920, 923, 922]
754: [920, 918, 921, 923]
755: [922, 923, 924]
756: [921, 922, 924]
757: [923, 921, 924]
758: [925, 926, 927]
759: [928, 929, 930]
760: [931, 932, 933]
761: [935, 936, 947, 946]
762: [936, 937, 948, 947]
763: [937, 938, 949, 948]
764: [938, 939, 950, 949]
765: [939, 940, 951, 950]
766: [940, 941, 952, 951]
767: [941, 942, 953, 952]
768: [942, 943, 954, 953]
769: [943, 944, 955, 954]
770: [944, 945, 956, 955]
771: [934, 935, 946, 956]
772: [945, 934, 956]
773: [947, 948, 958, 957]
774: [948, 949, 959, 958]
775: [949, 950, 960, 959]
776: [950, 951, 961, 960]
777: [951, 952, 962, 961]
778: [952, 953, 963, 962]
779: [953, 954, 964, 963]
780: [954, 955, 965, 964]
781: [955, 956, 966, 965]
782: [946, 947, 957, 966]
783: [956, 946, 966]
784: [958, 959, 968, 967]
785: [959, 960, 969, 968]
786: [960, 961, 970, 969]
787: [961, 962, 971, 970]
788: [962, 963, 972, 971]
789: [963, 964, 973, 972]
790: [964, 965, 974, 973]
791: [965, 966, 975, 974]
792: [957, 958, 967, 975]
793: [966, 957, 975]
794: [968, 969, 977, 976]
795: [969, 970, 978, 977]
796: [970, 971, 979, 978]
797: [971, 972, 980, 979]
798: [972, 973, 981, 980]
799: [973, 974, 982, 981]
800: [974, 975, 983, 982]
801: [967, 968, 976, 983]
802: [975, 967, 983]
803: [977, 978, 985, 984]
804: [978, 979, 986, 985]
805: [979, 980, 987, 986]
806: [980, 981, 988, 987]
807: [981, 982, 989, 988]
808: [982, 983, 990, 989]
809: [976, 977, 984, 990]
810: [983, 976, 990]
811: [985, 986, 992, 991]
812: [986, 987, 993, 992]
813: [987, 988, 994, 993]
814: [988, 989, 995, 994]
815: [989, 990, 996, 995]
816: [984, 985, 991, 996]
817: [990, 984, 996]
818: [992, 993, 998, 997]
819: [993, 994, 999, 998]
820: [994, 995, 1000, 999]
821: [995, 996, 1001, 1000]
822: [991, 992, 997, 1001]
823: [996, 991, 1001]
824: [998, 999, 1003, 1002]
825: [999, 1000, 1004, 1003]
826: [1000, 1001, 1005, 1004]
827: [997, 998, 1002, 1005]
828: [1001, 997, 1005]
829: [1003, 1004, 1007, 1006]
830: [1004, 1005, 1008, 1007]
831: [1002, 1003, 1006, 1008]
832: [1005, 1002, 1008]
833: [1006, 1007, 1010, 1009]
834: [1007, 1008, 1011, 1010]
835: [1008, 1006, 1009, 1011]
836: [1009, 1010, 1013, 1012]
837: [1010, 1011, 1014, 1013]
838: [1011, 1009, 1012, 1014]
839: [1012, 1013, 1016, 1015]
840: [1013, 1014, 1017, 1016]
841: [1014, 1012, 1015, 1017]
842: [1015, 1016, 1019, 1018]
843: [1016, 1017, 1020, 1019]
844: [1017, 1015, 1018, 1020]
845: [1019, 1020, 1021]
846: [1018, 1019, 1021]
847: [1020, 1018, 1021]
848: [1022, 1023, 1024]
849: [1025, 1026, 1027]
850: [1028, 1029, 1030]
851: [1031, 1032, 1033]
852: [1034, 1035, 1036]
853: [1037, 1038, 1039]
854: [1040, 1041, 1042]
855: [1043, 1044, 1047, 1046]
856: [1044, 1045, 1048, 1047]
857: [1045, 1043, 1046, 1048]
858: [1046, 1047, 1050, 1049]
859: [1047, 1048, 1051, 1050]
860: [1048, 1046, 1049, 1051]
861: [1049, 1050, 1053, 1052]
862: [1050, 1051, 1054, 1053]
863: [1051, 1049, 1052, 1054]
864: [1052, 1053, 1056, 1055]
865: [1053, 1054, 1057, 1056]
866: [1054, 1052, 1055, 1057]
867: [1055, 1056, 1059, 1058]
868: [1056, 1057, 1060, 1059]
869: [1057, 1055, 1058, 1060]
870: [1058, 1059, 1062, 1061]
871: [1059, 1060, 1063, 1062]
872: [1060, 1058, 1061, 1063]
873: [1061, 1062, 1065, 1064]
874: [1062, 1063, 1066, 1065]
875: [1063, 1061, 1064, 1066]
876: [1065, 1066, 1067]
877: [1064, 1065, 1067]
878: [1066, 1064, 1067]
879: [1068, 1069, 1070]
880: [1071, 1072, 1073]
881: [1074, 1075, 1076]
882: [1077, 1078, 1079]
883: [1080, 1081, 1084, 1083]
884: [1081, 1082, 1085, 1084]
885: [1082, 1080, 1083, 1085]
886: [1083, 1084, 1087, 1086]
887: [1084, 1085, 1088, 1087]
888: [1085, 1083, 1086, 1088]
889: [1086, 1087, 1090, 1089]
890: [1087, 1088, 1091, 1090]
891: [1088, 1086, 1089, 1091]
892: [1089, 1090, 1093, 1092]
893: [1090, 1091, 1094, 1093]
894: [1091, 1089, 1092, 1094]
895: [1092, 1093, 1096, 1095]
896: [1093, 1094, 1097, 1096]
897: [1094, 1092, 1095, 1097]
898: [1096, 1097, 1098]
899: [1095, 1096, 1098]
900: [1097, 1095, 1098]
901: [1099, 1100, 1101]
902: [1102, 1103, 1104]
903: [1105, 1106, 1107]
904: [1108, 1109, 1112, 1111]
905: [1109, 1110, 1113, 1112]
906: [1110, 1108, 1111, 1113]
907: [1111, 1112, 1115, 1114]
908: [1112, 1113, 1116, 1115]
909: [1113, 1111, 1114, 1116]
910: [1114, 1115, 1118, 1117]
911: [1115, 1116, 1119, 1118]
912: [1116, 1114, 1117, 1119]
913: [1117, 1118, 1121, 1120]
914: [1118, 1119, 1122, 1121]
915: [1119, 1117, 1120, 1122]
916: [1120, 1121, 1124, 1123]
917: [1121, 1122, 1125, 1124]
918: [1122, 1120, 1123, 1125]
919: [1124, 1125, 1126]
920: [1123, 1124, 1126]
921: [1125, 1123, 1126]
922: [1127, 1128, 1129]
923: [1130, 1131, 1132]
924: [1133, 1134, 1135]
925: [1136, 1137, 1140, 1139]
926: [1137, 1138, 1141, 1140]
927: [1138, 1136, 1139, 1141]
928: [1139, 1140, 1143, 1142]
929: [1140, 1141, 1144, 1143]
930: [1141, 1139, 1142, 1144]
931: [1142, 1143, 1146, 1145]
932: [1143, 1144, 1147, 1146]
933: [1144, 1142, 1145, 1147]
934: [1145, 1146, 1149, 1148]
935: [1146, 1147, 1150, 1149]
936: [1147, 1145, 1148, 1150]
937: [1148, 1149, 1152, 1151]
938: [1149, 1150, 1153, 1152]
939: [1150, 1148, 1151, 1153]
940: [1152, 1153, 1154]
941: [1151, 1152, 1154]
942: [1153, 1151, 1154]
943: [1155, 1156, 1157]
944: [1158, 1159, 1160]
945: [1161, 1162, 1163]
946: [1164, 1165, 1168, 1167]
947: [1165, 1166, 1169, 1168]
948: [1166, 1164, 1167, 1169]
949: [1167, 1168, 1171, 1170]
950: [1168, 1169, 1172, 1171]
951: [1169, 1167, 1170, 1172]
952: [1170, 1171, 1174, 1173]
953: [1171, 1172, 1175, 1174]
954: [1172, 1170, 1173, 1175]
955: [1173, 1174, 1177, 1176]
956: [1174, 1175, 1178, 1177]
957: [1175, 1173, 1176, 1178]
958: [1176, 1177, 1180, 1179]
959: [1177, 1178, 1181, 1180]
960: [1178, 1176, 1179, 1181]
961: [1180, 1181, 1182]
962: [1179, 1180, 1182]
963: [1181, 1179, 1182]
964: [1183, 1184, 1185]
965: [1186, 1187, 1188]
966: [1189, 1190, 1191]
967: [1193, 1194, 1205, 1204]
968: [1194, 1195, 1206, 1205]
969: [1195, 1196, 1207, 1206]
970: [1196, 1197, 1208, 1207]
971: [1197, 1198, 1209, 1208]
972: [1198, 1199, 1210, 1209]
973: [1199, 1200, 1211, 1210]
974: [1200, 1201, 1212, 1211]
975: [1201, 1202, 1213, 1212]
976: [1202, 1203, 1214, 1213]
977: [1192, 1193, 1204, 1214]
978: [1203, 1192, 1214]
979: [1205, 1206, 1216, 1215]
980: [1206, 1207, 1217, 1216]
981: [1207, 1208, 1218, 1217]
982: [1208, 1209, 1219, 1218]
983: [1209, 1210, 1220, 1219]
984: [1210, 1211, 1221, 1220]
985: [1211, 1212, 1222, 1221]
986: [1212, 1213, 1223, 1222]
987: [1213, 1214, 1224, 1223]
988: [1204, 1205, 1215, 1224]
989: [1214, 1204, 1224]
990: [1216, 1217, 1226, 1225]
991: [1217, 1218, 1227, 1226]
992: [1218, 1219, 1228, 1227]
993: [1219, 1220, 1229, 1228]
994: [1220, 1221, 1230, 1229]
995: [1221, 1222, 1231, 1230]
996: [1222, 1223, 1232, 1231]
997: [1223, 1224, 1233, 1232]
998: [1215, 1216, 1225, 1233]
999: [1224, 1215, 1233]
1000: [1226, 1227, 1235, 1234]
1001: [1227, 1228, 1236, 1235]
1002: [1228, 1229, 1237, 1236]
1003: [1229, 1230, 1238, 1237]
1004: [1230, 1231, 1239, 1238]
1005: [1231, 1232, 1240, 1239]
1006: [1232, 1233, 1241, 1240]
1007: [1225, 1226, 1234, 1241]
1008: [1233, 1225, 1241]
1009: [1235, 1236, 1243, 1242]
1010: [1236, 1237, 1244, 1243]
1011: [1237, 1238, 1245, 1244]
1012: [1238, 1239, 1246, 1245]
1013: [1239, 1240, 1247, 1246]
1014: [1240, 1241, 1248, 1247]
1015: [1234, 1235, 1242, 1248]
1016: [1241, 1234, 1248]
1017: [1243, 1244, 1250, 1249]
1018: [1244, 1245, 1251, 1250]
1019: [1245, 1246, 1252, 1251]
1020: [1246, 1247, 1253, 1252]
1021: [1247, 1248, 1254, 1253]
1022: [1242, 1243, 1249, 1254]
1023: [1248, 1242, 1254]
1024: [1250, 1251, 1256, 1255]
1025: [1251, 1252, 1257, 1256]
1026: [1252, 1253, 1258, 1257]
1027: [1253, 1254, 1259, 1258]
1028: [1249, 1250, 1255, 1259]
1029: [1254, 1249, 1259]
1030: [1256, 1257, 1261, 1260]
1031: [1257, 1258, 1262, 1261]
1032: [1258, 1259, 1263, 1262]
1033: [1255, 1256, 1260, 1263]
1034: [1259, 1255, 1263]
1035: [1261, 1262, 1265, 1264]
1036: [1262, 1263, 1266, 1265]
1037: [1260, 1261, 1264, 1266]
1038: [1263, 1260, 1266]
1039: [1264, 1265, 1268, 1267]
1040: [1265, 1266, 1269, 1268]
1041: [1266, 1264, 1267, 1269]
1042: [1267, 1268, 1271, 1270]
1043: [1268, 1269, 1272, 1271]
1044: [1269, 1267, 1270, 1272]
1045: [1271, 1272, 1273]
1046: [1270, 1271, 1273]
1047: [1272, 1270, 1273]
1048: [1274, 1275, 1276]
1049: [1277, 1278, 1279]
1050: [1280, 1281, 1282]
1051: [1283, 1284, 1285]
1052: [1286, 1287, 1288]
1053: [1289, 1290, 1291]
1054: [1292, 1293, 1296, 1295]
1055: [1293, 1294, 1297, 1296]
1056: [1294, 1292, 1295, 1297]
1057: [1295, 1296, 1299, 1298]
1058: [1296, 1297, 1300, 1299]
1059: [1297, 1295, 1298, 1300]
1060: [1298, 1299, 1302, 1301]
1061: [1299, 1300, 1303, 1302]
1062: [1300, 1298, 1301, 1303]
1063: [1301, 1302, 1305, 1304]
1064: [1302, 1303, 1306, 1305]
1065: [1303, 1301, 1304, 1306]
1066: [1304, 1305, 1308, 1307]
1067: [1305, 1306, 1309, 1308]
1068: [1306, 1304, 1307, 1309]
1069: [1307, 1308, 1311, 1310]
1070: [1308, 1309, 1312, 1311]
1071: [1309, 1307, 1310, 1312]
1072: [1311, 1312, 1313]
1073: [1310, 1311, 1313]
1074: [1312, 1310, 1313]
1075: [1314, 1315, 1316]
1076: [1317, 1318, 1319]
1077: [1320, 1321, 1322]
1078: [1323, 1324, 1327, 1326]
1079: [1324, 1325, 1328, 1327]
1080: [1325, 1323, 1326, 1328]
1081: [1326, 1327, 1330, 1329]
1082: [1327, 1328, 1331, 1330]
1083: [1328, 1326, 1329, 1331]
1084: [1329, 1330, 1333, 1332]
1085: [1330, 1331, 1334, 1333]
1086: [1331, 1329, 1332, 1334]
1087: [1332, 1333, 1336, 1335]
1088: [1333, 1334, 1337, 1336]
1089: [1334, 1332, 1335, 1337]
1090: [1336, 1337, 1338]
1091: [1335, 1336, 1338]
1092: [1337, 1335, 1338]
1093: [1339, 1340, 1341]
1094: [1342, 1343, 1344]
1095: [1345, 1346, 1349, 1348]
1096: [1346, 1347, 1350, 1349]
1097: [1347, 1345, 1348, 1350]
1098: [1348, 1349, 1352, 1351]
1099: [1349, 1350, 1353, 1352]
1100: [1350, 1348, 1351, 1353]
1101: [1351, 1352, 1355, 1354]
1102: [1352, 1353, 1356, 1355]
1103: [1353, 1351, 1354, 1356]
1104: [1354, 1355, 1358, 1357]
1105: [1355, 1356, 1359, 1358]
1106: [1356, 1354, 1357, 1359]
1107: [1357, 1358, 1361, 1360]
1108: [1358, 1359, 1362, 1361]
1109: [1359, 1357, 1360, 1362]
1110: [1361, 1362, 1363]
1111: [1360, 1361, 1363]
1112: [1362, 1360, 1363]
1113: [1364, 1365, 1366]
1114: [1367, 1368, 1369]
1115: [1370, 1371, 1372]
1116: [1373, 1374, 1377, 1376]
1117: [1374, 1375, 1378, 1377]
1118: [1375, 1373, 1376, 1378]
1119: [1376, 1377, 1380, 1379]
1120: [1377, 1378, 1381, 1380]
1121: [1378, 1376, 1379, 1381]
1122: [1379, 1380, 1383, 1382]
1123: [1380, 1381, 1384, 1383]
1124: [1381, 1379, 1382, 1384]
1125: [1382, 1383, 1386, 1385]
1126: [1383, 1384, 1387, 1386]
1127: [1384, 1382, 1385, 1387]
1128: [1385, 1386, 1389, 1388]
1129: [1386, 1387, 1390, 1389]
1130: [1387, 1385, 1388, 1390]
1131: [1388, 1389, 1392, 1391]
1132: [1389, 1390, 1393, 1392]
1133: [1390, 1388, 1391, 1393]
1134: [1392, 1393, 1394]
1135: [1391, 1392, 1394]
1136: [1393, 1391, 1394]
1137: [1395, 1396, 1397]
1138: [1398, 1399, 1400]
1139: [1401, 1402, 1403]
1140: [1404, 1405, 1408, 1407]
1141: [1405, 1406, 1409, 1408]
1142: [1406, 1404, 1407, 1409]
1143: [1407, 1408, 1411, 1410]
1144: [1408, 1409, 1412, 1411]
1145: [1409, 1407, 1410, 1412]
1146: [1410, 1411, 1414, 1413]
1147: [1411, 1412, 1415, 1414]
1148: [1412, 1410, 1413, 1415]
1149: [1414, 1415, 1416]
1150: [1413, 1414, 1416]
1151: [1415, 1413, 1416]
1152: [1417, 1418, 1419]
