# Skeleton Data

## Points
0: (5.0, 6.0, 0.0)
1: (5.008786660584997, 6.00847641239455, 0.9999254697369607)
2: (5.017177825290071, 6.008273553303195, 1.0744543044459602)
3: (5.028237909959283, 6.012331968863212, 1.1485232168873623)
4: (5.040654355360541, 6.026911834149181, 1.2210370735758642)
5: (5.047925300625414, 6.038945042000671, 1.2947075239868535)
6: (5.05853835939313, 6.05375954032837, 1.367073152899284)
7: (5.069510526004851, 6.070638951151305, 1.4389312608281406)
8: (5.083731947285626, 6.091910847237825, 1.5090322468314703)
9: (5.102808168586822, 6.1172236412196215, 1.576591486515639)
10: (4.967693256199085, 5.970602967019763, 1.040971495163404)
11: (4.929068475470616, 5.936615052817286, 1.0874557930900377)
12: (4.893582520023842, 5.900816540373653, 1.1355217474949242)
13: (5.075604578508194, 6.031306390288325, 1.1035654364880612)
14: (5.130792630901477, 6.0518324869716436, 1.1399606739230723)
15: (5.184218747278342, 6.076948654457677, 1.1769194444613256)
16: (4.974708474616696, 6.01007980820051, 1.193027709067963)
17: (4.929782566367748, 6.010794275075335, 1.2462468297398785)
18: (4.88248404086385, 5.999380428708364, 1.2960835240149642)
19: (5.101415102478962, 6.013366839043221, 1.2522746665879836)
20: (5.162662531209289, 6.010435283803739, 1.2853092084767601)
21: (5.220629580800816, 6.004228133447269, 1.323419770609923)
22: (5.024101822950799, 6.095928666795553, 1.3260090772098811)
23: (5.00362223739596, 6.150338347770446, 1.3633377565518416)
24: (4.989444990032864, 6.20068068471537, 1.408871632431597)

## Poly Lines
0: [25, 26, 27, 28, 29, 30, 31, 32, 33, 34]
1: [26, 35, 36, 37]
2: [27, 38, 39, 40]
3: [28, 41, 42, 43]
4: [29, 44, 45, 46]
5: [30, 47, 48, 49]

## Location
(0.0000, 0.0000, 0.0000)

## Branch ID
[8, 9, 10, 11, 12, 13]

## Point Age
[2, 2, 1, 1, 1, 1, 0, 0, 0, 0, 0, 0, 0, 0, 0, 0, 0, 0, 0, 0, 0, 0, 0, 0, 0]

## Point Mass
[78.40189737007093, 30.143597922707052, 24.623826670657802, 19.340455297424853, 14.325978784193836, 9.554670891197201, 4.799229740183211, 3.86615316012214, 2.93307658006107, 2.0, 3.216494574912727, 2.609610032306566, 2.0, 3.2154720948879607, 2.6096100323065663, 2.0, 3.2192200646131326, 2.6096100323065663, 2.0, 3.2192200646131326, 2.6096100323065663, 2.0, 3.2116351894144515, 2.6069373751177034, 2.0]

## Point Radius
[0.003919323130913511, 0.0026832278751917123, 0.0024909995309679096, 0.0022432208267883454, 0.002, 0.002, 0.001994993734326, 0.001994993734326, 0.001994993734326, 0.001994993734326, 0.0016691315106965058, 0.0016691315106965058, 0.0016691315106965058, 0.0016691315106965058, 0.0016691315106965058, 0.0016691315106965058, 0.0016691315106965058, 0.0016691315106965058, 0.0016691315106965058, 0.0016691315106965058, 0.0016691315106965058, 0.0016691315106965058, 0.0016691315106965058, 0.0016691315106965058, 0.0016691315106965058]
