# Root point coordinates (x, y, z)
0: 0.001769647711446276, 0.0, 0.00030355720609631653
1: 0.001654887932971083, -0.0006769010252838381, 0.00016416738798064046
2: 0.0012881864682975364, -0.0012507500055911613, -2.1542677419716938e-07
3: 0.0007253702912651816, -0.0016341836356243977, -0.00016456544475529356
4: 5.212306288571167e-05, -0.0017688276210452436, -0.0003038618655619718
5: -0.0006290594293214546, -0.0016341836356243977, -0.0003968980718513926
6: -0.0012144733258522278, -0.0012507500055911613, -0.00042951014459147174
7: -0.0016149946677501692, -0.0006769010252838381, -0.0003967331913368177
8: -0.001769647711446276, 0.0, -0.00030355720609631653
9: -0.001654887932971083, 0.0006769010252838381, -0.00016416738798064046
10: -0.0012881864682975364, 0.0012507500055911613, 2.1542677419716938e-07
11: -0.0007253702912651816, 0.0016341836356243977, 0.00016456544475529356
12: -5.212306288571167e-05, 0.0017688276210452436, 0.0003038618655619718
13: 0.0006290594293214546, 0.0016341836356243977, 0.0003968980718513926
14: 0.0012144733258522278, 0.0012507500055911613, 0.00042951014459147174
15: 0.0016149946677501692, 0.0006769010252838381, 0.0003967331913368177
16: 0.014210868211085637, 0.012821994840455764, -0.07220244229442119
17: 0.014077121154897232, 0.012098967321491516, -0.07234232927114603
18: 0.013658429280275053, 0.011499519358443955, -0.07250228141461235
19: 0.013027188216037544, 0.011127300949937968, -0.07265464154609536
20: 0.012292545276836542, 0.011046672040301964, -0.07277306521471338
21: 0.011581526900881323, 0.011271574100503168, -0.07283707589231692
22: 0.011017074624773748, 0.01176311952116138, -0.07283560555122959
23: 0.010696787374940842, 0.012436315633494788, -0.07276890842678307
24: 0.010676045726596861, 0.013174760713886569, -0.07264851705771869
25: 0.010958436099172575, 0.01385077089937381, -0.0724952482054686
26: 0.011495130631813621, 0.014347457887526005, -0.07233560344699086
27: 0.0121933299641096, 0.01457893998583204, -0.07219718681135334
28: 0.012932309088564797, 0.014505191836546194, -0.07210393179233354
29: 0.013584291801146176, 0.014138965164660622, -0.07207196302991492
30: 0.014036544367771464, 0.013543583888809163, -0.07210680821354698
31: 0.02265547007671631, 0.024416332285438935, -0.14585487962591137
32: 0.022497435695617907, 0.02364057043761325, -0.14597711066060048
33: 0.022016892025915613, 0.023015501342692923, -0.1461188433106031
34: 0.021309016634875166, 0.022664927600896112, -0.14625200568634944
35: 0.020514012925214153, 0.02265828464129105, -0.14635022334619352
36: 0.019789341131711602, 0.022996888183497433, -0.1463940430780426
37: 0.019278531390586884, 0.023613673643281707, -0.14637478584659047
38: 0.01908275583574026, 0.02438647909595626, -0.1462962657827005
39: 0.019240790216838666, 0.025162240943781944, -0.14617403474801138
40: 0.01972133388654096, 0.02578731003870227, -0.14603230209800877
41: 0.020429209277581406, 0.026137883780499083, -0.14589913972226243
42: 0.02122421298724242, 0.026144526740104146, -0.14580092206241835
43: 0.02194888478074497, 0.025805923197897762, -0.14575710233056927
44: 0.02245969452186969, 0.025189137738113487, -0.1457763595620214
45: 0.03250564457517824, 0.03240261088041274, -0.21982685332405105
46: 0.032287981456761705, 0.031463145740925125, -0.21988833123112372
47: 0.03165994006604589, 0.030734663704624854, -0.21998122605780845
48: 0.030765397116924498, 0.03038405122686827, -0.22008425671881615
49: 0.029809281618630057, 0.0304916294009705, -0.22017382013136366
50: 0.029010628109381043, 0.031032753363702925, -0.22022939839699274
51: 0.028552398483328134, 0.031883458136453546, -0.22023825920483842
52: 0.028539567625534557, 0.03284885750788957, -0.22019837265060738
53: 0.02897507493089213, 0.03370779011633851, -0.22011887626318916
54: 0.02975915092417536, 0.034263484852464554, -0.22001798170690567
55: 0.030712173244463292, 0.03438863874906928, -0.21991880270869046
56: 0.03161581596334173, 0.03405458055670785, -0.21984405998179812
57: 0.032263065423991155, 0.03333783898141318, -0.2198108761842119
58: 0.04526639485717576, 0.033938700145415446, -0.36928579994680955
59: 0.044953756641575415, 0.03272840024918966, -0.36929277515723746
60: 0.04407789932709272, 0.031836600719240105, -0.3693063659360071
61: 0.04287350817382829, 0.03150225851942712, -0.3693229306449227
62: 0.04166329881867048, 0.03181496037218645, -0.3693380307836074
63: 0.04077154588100651, 0.03269091806859947, -0.3693476202820951
64: 0.04043719384033151, 0.033895419451308584, -0.36934912964201017
65: 0.040749832055931856, 0.03510571934753437, -0.36934215443158225
66: 0.041625689370414554, 0.035997518877483925, -0.36932856365281264
67: 0.04283008052367898, 0.03633186107729691, -0.369311998943897
68: 0.04404028987883679, 0.036019159224537356, -0.3692968988052123
69: 0.04493204281650076, 0.03514320152812456, -0.3692873093067246
70: 0.07352691144813339, 0.039899034256719146, -3.369158102233882
71: 0.07324993226328402, 0.03892335761802834, -3.369161940870027
72: 0.07248944618360142, 0.03825232407508694, -3.369169152950901
73: 0.07148690216604736, 0.03809898203648232, -3.3691774486917847
74: 0.07056060085255744, 0.038512016516007774, -3.3691841942535623
75: 0.07000463636523246, 0.03936029198477686, -3.3691872479680316
76: 0.06999552350054072, 0.04037448697508306, -3.3691856403024247
77: 0.07053615552863346, 0.04123260174346366, -3.369179881679213
78: 0.0714548856005146, 0.041662190914107056, -3.369171800420577
79: 0.07246002340979829, 0.04152686296066599, -3.369163962269035
80: 0.0732324448040016, 0.0408695835521764, -3.3691588557823193
81: 0.09241730063364084, 0.04387306192080742, -6.369100452309057
82: 0.09214990209420781, 0.043024217331954384, -6.3691028200109505
83: 0.09143463970102617, 0.0424946656507974, -6.369107229864921
84: 0.0905447193774167, 0.042486677620738655, -6.369111997456641
85: 0.08982006043971902, 0.04300330439775757, -6.369115301728114
86: 0.08953745797188217, 0.043847212112531286, -6.369115880559949
87: 0.0898048565113152, 0.044696056701384324, -6.369113512858056
88: 0.09052011890449685, 0.045225608382541305, -6.369109103004085
89: 0.09141003922810631, 0.04523359641260005, -6.3691043354123655
90: 0.092134698165804, 0.04471696963558114, -6.369101031140892
91: 0.10496293474611784, 0.046521990862380624, -9.369075430079464
92: 0.10470008001977993, 0.04577911005049562, -9.36907691429414
93: 0.1040212094970634, 0.045378992375480154, -9.369079629113605
94: 0.10324397424035281, 0.045508857344286335, -9.369082304243658
95: 0.10273205126427043, 0.046107939694721045, -9.369083687961217
96: 0.10272497501871558, 0.04689592213695781, -9.369083132809456
97: 0.10322605655762707, 0.047504098928824456, -9.369080898550056
98: 0.10400083426004714, 0.04764789739027431, -9.36907803061782
99: 0.10468678102831852, 0.04726003262305345, -9.369075870950116
100: 0.11328830335007778, 0.04828760098112972, -12.369064629078302
101: 0.11302423603981104, 0.04763353427870354, -12.369065577824367
102: 0.11237501828588314, 0.047357764108386435, -12.369067256169085
103: 0.1117209530436114, 0.047621832895851535, -12.369068680960886
104: 0.11144518286124194, 0.04827105272680199, -12.369069017576056
105: 0.11170925017150868, 0.04892511942922817, -12.369068068829991
106: 0.11235846792543658, 0.04920088959954527, -12.369066390485273
107: 0.11301253316770832, 0.04893682081208017, -12.369064965693472
108: 0.11880783292501662, 0.04946439910875422, -15.369059765243458
109: 0.11853542689942365, 0.048885501377753604, -15.369060510566287
110: 0.11791298467334, 0.04873754085951476, -15.369061752127259
111: 0.117409217938514, 0.04913193484211642, -15.36906255500564
112: 0.11740347332123857, 0.04977169661248815, -15.369062314617631
113: 0.11790007663549074, 0.050175072508778173, -15.369061211980307
114: 0.11852507545677726, 0.05003831225371136, -15.369060077402064
115: 0.11807198575447586, 0.049458069268433436, -15.369798448173766
116: 0.11791336570796829, 0.048983152240292815, -15.369061654922149
117: 0.1177381448399828, 0.0498312404712109, -15.369061654922149
118: 0.11856024138767784, 0.04955894624411772, -15.369060198845407
119: 0.012409409217936984, 0.012370155624042534, -0.07268834849947181
120: 0.012255965491274945, 0.01322245312066439, -0.07268834849947181
121: 0.01262215103456854, 0.012848418083778013, -0.07199842463478534
122: 0.030712953000764598, 0.03199319059838457, -0.22024989992172705
123: 0.03011979631654149, 0.03262415901911697, -0.22024989992172705
124: 0.030657124422381887, 0.03253499727892328, -0.21957661120894523
125: 0.042414695346633, 0.03402417927805823, -0.3695353153840688
126: 0.043280144271770626, 0.03405506872574193, -0.3695353153840688
127: 0.04286054342785728, 0.03367193139128566, -0.36888176361509184
128: 0.07212435492979474, 0.040094425422986246, -3.3693902402045186
129: 0.07150019626210402, 0.039494107209414375, -3.3693902402045186
130: 0.07155657484146771, 0.040060121721944286, -3.3687372179787145
131: 0.09083074532425317, 0.04343502053595327, -6.369326714951246
132: 0.09088164465238657, 0.04429952343264909, -6.369326714951246
133: 0.09121974793164478, 0.04384586708140614, -6.368671069401019
134: 0.10363244629237811, 0.04692477333353673, -9.369297351538885
135: 0.10417974160047039, 0.046253637098678135, -9.369297351538885
136: 0.103620777651249, 0.04635653670327655, -9.36864392979541
137: 0.11277708437192491, 0.048094914112401854, -12.369284999829004
138: 0.11192050031205913, 0.048222270888365726, -12.369284999829004
139: 0.11240264463299554, 0.04852079556112998, -12.368630470323527
140: 0.041114991529720535, 0.028420830126259178, -0.9488705878752358
141: 0.040898657396142735, 0.02761095832785032, -0.9488932389989899
142: 0.040306525895520195, 0.02701809102379782, -0.948926322323675
143: 0.03949725818525762, 0.026801086529441465, -0.9489609731991584
144: 0.03868769689478058, 0.02701809102379782, -0.9489879069513376
145: 0.0380947633180958, 0.02761095832785032, -0.948999906703067
146: 0.0378773335282413, 0.028420830126259178, -0.9489937571305612
147: 0.0380936676618191, 0.029230701924668034, -0.9489711060068071
148: 0.038685799162441636, 0.029823569228720537, -0.948938022682122
149: 0.03949506687270421, 0.03004057372307689, -0.9489033718066386
150: 0.040304628163181255, 0.029823569228720537, -0.9488764380544594
151: 0.04089756173986603, 0.029230701924668034, -0.94886443830273
152: 0.05738872856738686, 0.03403719828826679, -1.264108166443721
153: 0.05645448644223716, 0.03084757861394527, -1.2641819704345976
154: 0.05394380998193071, 0.02866977082633171, -1.264256709956709
155: 0.05065382122302242, 0.028195213510338935, -1.264308655739869
156: 0.04762906835051606, 0.029574575260733038, -1.264321315364956
157: 0.045829889029549764, 0.032369918467868075, -1.264290669490453
158: 0.045827509982136805, 0.03569374141443027, -1.2642264479649816
159: 0.04762268653902124, 0.038490753799896416, -1.2641490406691114
160: 0.05064546282750371, 0.039872923954626716, -1.2640830238723473
161: 0.05393612873390774, 0.03940142262044133, -1.2640493574412095
162: 0.05644992108368396, 0.037225948139474996, -1.2640587302297086
163: 0.05504397052866339, 0.03672405987549632, -1.3781852737656897
164: 0.05314506210626635, 0.03084960979366924, -1.3784709031837916
165: 0.04816904597626204, 0.027223948460863623, -1.3790098322132054
166: 0.04201659117174428, 0.02723195527451483, -1.379596208282219
167: 0.03703772631379132, 0.030870571903949484, -1.3800060556626588
168: 0.035134208552748736, 0.036749970468753945, -1.3800828265853968
169: 0.037033116975145774, 0.0426244205505808, -1.3797971971672949
170: 0.0420091331051502, 0.04625008188338664, -1.3792582681378809
171: 0.04816158790966796, 0.04624207506973543, -1.3786718920688674
172: 0.053140452767620916, 0.04260345844030078, -1.3782620446884277
173: 0.05571929417671195, 0.0362497951407581, -1.3611215233695788
174: 0.05668920852775128, 0.02975289822156668, -1.3630295872965092
175: 0.059913419834237924, 0.02613495072162708, -1.3678572190880827
176: 0.06388328379274921, 0.027088830485168414, -1.3733455161758705
177: 0.06674125693697475, 0.03216820656963737, -1.3769264433568695
178: 0.06715006186989747, 0.038996382454133505, -1.3769244450055171
179: 0.06491841422004252, 0.04437837875557915, -1.3733404561726208
180: 0.06109052672477766, 0.045795899590301614, -1.3678514650646914
181: 0.05745751048536829, 0.0425856712057453, -1.3630258316244703
182: 0.13649600537705475, 0.03125183406363674, -1.3017074646440345
183: 0.13784848527243776, 0.02408816646000478, -1.3040379814021699
184: 0.14160600436050585, 0.020925009792656546, -1.3099077457895456
185: 0.14556745892034462, 0.023615298337413826, -1.3158783294359717
186: 0.14741228259752526, 0.03058309755145472, -1.3184522454166547
187: 0.14605980270214225, 0.0377467651550869, -1.3161217286585194
188: 0.14230228361407415, 0.04090992182243469, -1.3102519642711437
189: 0.1383408290542354, 0.03821963327767741, -1.3042813806247175
190: 0.2267876498844441, 0.03232177091451138, -1.2503495833167235
191: 0.22717869541221924, 0.024377264886687566, -1.2538185812984657
192: 0.2286445320652286, 0.02214489969693778, -1.2620750883198726
193: 0.23008135494613735, 0.027305691865095127, -1.268901786191775
194: 0.23040720711977603, 0.03597345962756182, -1.2691580321773719
195: 0.22937671525322156, 0.041621197068959725, -1.262650867823043
196: 0.22776586074019267, 0.039996042703068335, -1.254280320609561
197: 0.3287210879486202, 0.025159280714128762, -1.2657153045619123
198: 0.32736912831428167, 0.016429234465661358, -1.2704012940675278
199: 0.325811301241961, 0.016244333754202644, -1.2802774768594594
200: 0.3256054338039793, 0.024789479291211336, -1.2854676701457755
201: 0.32695739343831787, 0.03351952553967874, -1.28078168064016
202: 0.3285152205106383, 0.033704426251137454, -1.2709054978482284
203: 0.32716326087629977, 0.02497438000267005, -1.2755914873538439
204: 0.3270941931059774, 0.024545190285047536, -1.2758384991539464
205: 0.3271554458642072, 0.025409021344693583, -1.2758384991539464
206: 0.3272401436587149, 0.024968928378268807, -1.275097463753639
207: 0.061115460897211094, 0.03564903792821594, -1.3694447474443467
208: 0.06196583739818773, 0.035812793253584996, -1.3694447474443467
209: 0.06143969389410486, 0.03625517319970473, -1.3689180008293766
210: 0.22896476656588072, 0.03169489944307635, -1.260398698142257
211: 0.22842613524903777, 0.032373008803368464, -1.260398698142257
212: 0.22842710479417572, 0.031820803223336025, -1.2597315721741198
213: 0.1105169445693901, 0.03253429840653266, -1.3195017937600628
214: 0.11393052796283953, 0.024462120507970253, -1.3366887447880702
215: 0.12318864014515762, 0.04060647630509506, -1.3316043541692586
216: 0.14174824167571676, 0.00871462462110939, -1.30098419141178
217: 0.1434551026331874, 0.0014868666346696813, -1.3210928243708182
218: 0.1557568239913365, 0.017743045829267112, -1.3144659647118544
219: 0.16100526530739212, -0.014416879108116287, -1.2970034444596663
220: 0.15991834205212418, -0.019140066145685752, -1.3178845622785305
221: 0.1762927461651127, -0.007531150262502617, -1.3103597406007945
222: 0.1826390462607188, -0.056246867604765605, -1.2882563934136164
223: 0.182520522385476, -0.06302796231954821, -1.3085914293339225
224: 0.19932012795364185, -0.05205471180037513, -1.3010500763308122
225: 0.2244955214563118, -0.14015987871663982, -1.2553040143834728
226: 0.22483107161288918, -0.14784579176265855, -1.2753121408840091
227: 0.24149843231880075, -0.13660902127274444, -1.267865997225978
228: 0.23027500846266724, -0.14153823058401427, -1.26616071749782
229: 0.22992452021543675, -0.14180564510071103, -1.2663965913302246
230: 0.23069945759646426, -0.14141908584847873, -1.2663965913302246
231: 0.23020104757610071, -0.14138996080285304, -1.2656889698330112
232: 0.1877126182076172, -0.057000755982897555, -1.2994943076653687
233: 0.188434173602398, -0.05747962320067601, -1.2994943076653687
234: 0.18833290478982168, -0.05684916254111538, -1.2989092837476135
235: 0.041115276104235154, 0.028420830126259178, -0.9488785886393989
236: 0.04089901500105497, 0.027611075180820954, -0.9489056796749233
237: 0.04030686071088252, 0.02701829341907991, -0.948939869442309
238: 0.039497480497564186, 0.02680132023538273, -0.9489719968209953
239: 0.03868774713562828, 0.02701829341907991, -0.9489934533058085
240: 0.03809462802549013, 0.027611075180820954, -0.9489984896489705
241: 0.03787704895372668, 0.028420830126259178, -0.9489857563663981
242: 0.03809331005690686, 0.0292305850716974, -0.9489586653308737
243: 0.03868546434707931, 0.029823366833438447, -0.948924475563488
244: 0.039494844560397646, 0.030040340017135625, -0.9488923481848017
245: 0.04030457792233355, 0.029823366833438447, -0.9488708916999885
246: 0.0408976970324717, 0.0292305850716974, -0.9488658553568265
247: 0.055827192234426226, 0.03618181691732647, -1.2640266356256318
248: 0.05489047936105229, 0.0329920686836791, -1.2640286955023017
249: 0.05237863209881999, 0.030814941284730724, -1.2640803546182213
250: 0.049089144205623714, 0.03034165728680005, -1.2641652115690922
251: 0.04606640484514235, 0.031722481015165505, -1.2642563248725835
252: 0.04427011240667311, 0.03451901069250507, -1.2643247666986124
253: 0.04427057704743387, 0.037843367905597836, -1.2643488072510014
254: 0.046067651247266306, 0.040640092728072785, -1.26432081382423
255: 0.049090776645243084, 0.042021244789507195, -1.2642496741335052
256: 0.05238013228788996, 0.04154831806915005, -1.2641579745279838
257: 0.05489137100014285, 0.03937146345917397, -1.2640748289845
258: 0.06073676743591827, 0.02538561968436448, -1.367745432933377
259: 0.058852136223200624, 0.019526264703340734, -1.3683046516056436
260: 0.0538726266694356, 0.015905466618955533, -1.3688440095212113
261: 0.04770024217685631, 0.015906247233044013, -1.3691574902884347
262: 0.04269262382999539, 0.019528308377556147, -1.3691253549090534
263: 0.040762511634666154, 0.02538814580461879, -1.3687598780057502
264: 0.04264714284738369, 0.031247500785642535, -1.3682006593334834
265: 0.04762665240114883, 0.034868298870027736, -1.3676613014179155
266: 0.053799036893728225, 0.034867518255939256, -1.3673478206506924
267: 0.058806655240589034, 0.031245457111427122, -1.3673799560300735
268: 0.06470093029107837, 0.042550435120128016, -1.3665801587926338
269: 0.064103497935732, 0.04226831895812899, -1.3733885797863832
270: 0.0593715322201227, 0.04302753951581484, -1.378269480931386
271: 0.05271917249252489, 0.044472849056446995, -1.3789390343367214
272: 0.04725913180222463, 0.04592797118313796, -1.3750839485227755
273: 0.04554622386980656, 0.04671203808092783, -1.3685080609864004
274: 0.04838193735370022, 0.046458176134407614, -1.3622883025887151
275: 0.05443941039934663, 0.04528517016971523, -1.3593349674089112
276: 0.060884284047374226, 0.043741882714239955, -1.3610299538002837
277: 0.08632072848794548, 0.1404268415879304, -1.372747726189991
278: 0.08494665710765936, 0.13853411910032576, -1.3800352616574507
279: 0.07879604395639728, 0.13864765765874076, -1.3845889097138957
280: 0.07147183480125796, 0.14070094791550836, -1.3837412050861342
281: 0.06726445203166498, 0.1434912002857025, -1.3779887216482225
282: 0.06863852341195109, 0.14538392277330714, -1.3707011861807625
283: 0.07478913656321318, 0.14527038421489213, -1.3661475381243176
284: 0.08211334571835249, 0.14321709395812454, -1.3669952427520793
285: 0.10938488130892798, 0.22493965261644067, -1.4224781217471452
286: 0.10659988831291956, 0.22009232882368024, -1.4291150868433753
287: 0.0986101984849399, 0.21958013346617045, -1.4324624069650067
288: 0.0914322112254291, 0.2237887600949977, -1.4299994817875643
289: 0.09047109734505487, 0.22954902701831714, -1.42358094420418
290: 0.09645059519888921, 0.23252333575483752, -1.4180400839294478
291: 0.10486802094346714, 0.23047197116111762, -1.4175492817631932
292: 0.12929535091104705, 0.2870684741492171, -1.4975873492593863
293: 0.12547231309128337, 0.28166829653700964, -1.5050855132736816
294: 0.11590970761183628, 0.28287748747565167, -1.5077490510936409
295: 0.11017013995215286, 0.28948685602650115, -1.502914424899305
296: 0.11399317777191653, 0.2948870336387086, -1.49541626088501
297: 0.12355578325136363, 0.2936778427000666, -1.4927527230650506
298: 0.16251028373159948, 0.3626093440223974, -1.5490522226720564
299: 0.15931535938088603, 0.3627376492692227, -1.5613391470923117
300: 0.1476815993539451, 0.3677270351381645, -1.562315964290442
301: 0.14368646459104895, 0.3706823399413339, -1.5506327460994265
302: 0.15285109554488407, 0.3675194328878668, -1.5424353029612676
303: 0.20019642408045524, 0.44526209609026046, -1.5130540895319626
304: 0.19750705799920332, 0.4546896109684002, -1.5264002027348196
305: 0.18208190116340361, 0.4576871847529336, -1.521174444194927
306: 0.18477126724465553, 0.4482596698747938, -1.5078283309920701
307: 0.22925933331267156, 0.5208325107457676, -1.454882384637573
308: 0.21280344418462627, 0.5317802393126396, -1.4631806935949199
309: 0.2104301770787267, 0.5212752810762724, -1.4446462814106547
310: 0.2603362142871064, 0.6088160872503849, -1.4191054066388733
311: 0.24159813970176813, 0.6130799492559798, -1.4286035654579048
312: 0.24384288444831248, 0.6160773221801568, -1.4074969822219503
313: 0.28060224762213304, 0.6831482088199194, -1.4838736071176808
314: 0.2606664699741428, 0.6840465610062332, -1.4917010404287503
315: 0.2650232789578979, 0.692472502611061, -1.4724778070152191
316: 0.3011841286125414, 0.7803519306272901, -1.5034753832589718
317: 0.28232230735129415, 0.7864380377843714, -1.5116425111324223
318: 0.283754474319474, 0.7808192524570099, -1.4910054297365396
319: 0.31719734842168745, 0.8564827535086563, -1.4396318556173318
320: 0.2990126792184358, 0.8657815738763379, -1.4461403673564235
321: 0.2987286044465356, 0.852020167632692, -1.4297070481834349
322: 0.3049795440288863, 0.8580948316725621, -1.43849309038573
323: 0.3054359728271814, 0.8581611750445954, -1.4386861196816263
324: 0.30458851602664083, 0.8583394247885441, -1.4386861196816263
325: 0.30491414323283683, 0.8577838951845471, -1.4381070317939375
326: 0.055570664383642665, 0.044167186189197016, -1.3694956551425639
327: 0.055148911021618785, 0.044923545959161926, -1.3694956551425639
328: 0.055082464732042036, 0.04439072816262368, -1.3688161854329421
329: 0.10010720669985251, 0.2259585136219402, -1.424996361609792
330: 0.09927331579010157, 0.22572488581829764, -1.424996361609792
331: 0.09968386014702935, 0.22586454724643112, -1.4242467370260927
332: 0.15362048325406663, 0.3663942695601474, -1.5534026380095605
333: 0.1528249677731841, 0.36605205454049394, -1.5534026380095605
334: 0.15318143053416744, 0.3663191566547501, -1.5526599538501817
335: 0.2176867907973039, 0.5242278809299397, -1.4544667638106985
336: 0.21715500700673807, 0.5249113734317945, -1.4544667638106985
337: 0.21765115677198277, 0.5247487767729455, -1.4537758320217504
338: 0.26898747197672335, 0.6861832220590387, -1.4829316714653535
339: 0.2686034956400347, 0.6869594424999337, -1.4829316714653535
340: 0.26870102893741565, 0.6865246078782412, -1.4821891116309431
341: 0.2895158371097164, 0.7826076011551202, -1.5022880766018751
342: 0.2886776022237987, 0.7823900735108296, -1.5022880766018751
343: 0.28906747094979446, 0.7826115462027221, -1.5015471709241832
344: 0.076594830479779, 0.11036749680116897, -1.3645533536295835
345: 0.07162785614637546, 0.10329148794670995, -1.3818004739084049
346: 0.06122406738298247, 0.117443505655628, -1.3738201564095598
347: 0.1006391150300403, 0.13760561711426278, -1.381445717036885
348: 0.09464474250390564, 0.1292639975938774, -1.400260494769164
349: 0.0848149639545781, 0.1467325474140455, -1.392662060708682
350: 0.12436228496595936, 0.15045631856052943, -1.3967485011963536
351: 0.11390256017486733, 0.1402944682970524, -1.4124597053461725
352: 0.11011506474644994, 0.16106443358046962, -1.4087483174891355
353: 0.15983336419697514, 0.15732058035888197, -1.4340993743211723
354: 0.14596029243466346, 0.1464569612139297, -1.446307184864885
355: 0.14439933375448777, 0.16777449089152552, -1.4446832034106776
356: 0.21262386638918973, 0.16555999010342615, -1.5122268776169978
357: 0.2058785725654133, 0.15599967724414898, -1.5301882920541647
358: 0.20293840375424144, 0.17706291732080115, -1.5275038360282391
359: 0.3082360843737797, 0.18728556826343756, -1.504451759542509
360: 0.30437678232213194, 0.17823650366570765, -1.5234972628674481
361: 0.30068587826638926, 0.1991563764651938, -1.5206254814299733
362: 0.3887902939668675, 0.2042091023950492, -1.5664834510139396
363: 0.3800903648947571, 0.19397331129430895, -1.5831882645119186
364: 0.3776755659059732, 0.21517717086030452, -1.5811693378987632
365: 0.47668193213335663, 0.21675539962045565, -1.6096919877928304
366: 0.46947527165873715, 0.20675525857501476, -1.6272297243399119
367: 0.46735205793335566, 0.22800513269161438, -1.6253734396567312
368: 0.47116975390848315, 0.21717193029569493, -1.620765050596491
369: 0.4711225779612638, 0.21672778667591852, -1.6209897723689477
370: 0.47100004394090966, 0.2175850739170786, -1.6209897723689477
371: 0.471386639823276, 0.21720293029408722, -1.620315607051578
372: 0.1498084984604704, 0.1568326886119078, -1.4419437956684615
373: 0.15025638629626425, 0.15757387177857285, -1.4419437956684615
374: 0.1501281056293915, 0.15714547207385654, -1.4412021712598115
375: 0.30476635265098917, 0.18794847992518737, -1.5164399121318035
376: 0.3041382257869434, 0.1885446448710406, -1.5164399121318035
377: 0.30439416652436835, 0.18818532359811146, -1.5156946795763238
378: 0.38179078295660673, 0.20425541212017584, -1.5771818408586356
379: 0.38247482428857005, 0.20478648975684144, -1.5771818408586356
380: 0.3822906175224212, 0.20431768267264494, -1.5764773717073504
381: 0.19604918533050508, 0.16328272362241925, -1.488532923304352
382: 0.18216525630117064, 0.15438153322837267, -1.4985433787148983
383: 0.18771960876991312, 0.17218391401646582, -1.5034858781006246
384: 0.22679546114823546, 0.1465128758923504, -1.5142765975188737
385: 0.21006865342434344, 0.137443149304046, -1.5241490309727566
386: 0.2171268525630914, 0.15666403547301422, -1.5304933464691155
387: 0.24723222694940405, 0.12847135330401804, -1.5405294546440742
388: 0.2312056155771942, 0.11814386349935302, -1.5503274984069229
389: 0.2422419625317187, 0.13322575607990994, -1.5608273337107692
390: 0.271025333391294, 0.09977439062516535, -1.539172919085557
391: 0.25935274514941153, 0.08411626023611096, -1.5480094690783328
392: 0.2767700541826952, 0.09149625161235853, -1.558093320160415
393: 0.3201772676517609, 0.03977201157216226, -1.4761937609790456
394: 0.30870668889161834, 0.023777811752746958, -1.4846862502704128
395: 0.32565934834645827, 0.031583644752885, -1.4952307885676632
396: 0.3877224539544042, -0.031663429198494075, -1.4493032097399525
397: 0.3753767804552912, -0.0467035591664926, -1.458297086307874
398: 0.3904216626333141, -0.03681777675976794, -1.4699346894019953
399: 0.3845069656810032, -0.03839492170825154, -1.459178328483274
400: 0.38423742676847294, -0.03874006716276801, -1.459419600922352
401: 0.3848665067366386, -0.03814490802971804, -1.459419600922352
402: 0.3844169635378978, -0.03829978993226857, -1.4586957836051178
403: 0.2686006901001432, 0.09193177899059113, -1.5485988250907892
404: 0.26926947612390517, 0.09138161423852087, -1.5485988250907892
405: 0.2692779664993523, 0.09207350924452284, -1.5480780581427265
406: 0.31785440285949274, 0.03139173025151032, -1.485573303764917
407: 0.3182479360846562, 0.032163149463542595, -1.485573303764917
408: 0.3184409659456886, 0.03157858836274108, -1.4849641922872878
409: 0.1241793275351506, 0.26804268179198654, -1.4778521640836813
410: 0.10663698616411121, 0.26052942683045965, -1.4806843279832849
411: 0.10889065727251857, 0.2755559367535134, -1.4687961464858184
412: 0.11850213950529498, 0.29770676354610237, -1.5142836827552737
413: 0.09927843556546212, 0.28843780470016944, -1.5162952960546086
414: 0.10171205173638986, 0.3053762433016025, -1.5033849207929022
415: 0.10770490927595833, 0.3176361176522404, -1.5399124004857776
416: 0.08968812528124559, 0.30606061649025906, -1.538956238022164
417: 0.09207285586067471, 0.32323809289811556, -1.5263563037508647
418: 0.08414989127521721, 0.3465468008512065, -1.5744102644404283
419: 0.06654230970678587, 0.3344301240938343, -1.572776191312199
420: 0.06917486268520534, 0.3513122853433479, -1.5598311816296517
421: 0.035086534115174484, 0.4090182742579842, -1.642375336005122
422: 0.018605342373334444, 0.39551369941519066, -1.6400284750369178
423: 0.027244384007746425, 0.40497069569915367, -1.6228400149475437
424: -0.02352299625199239, 0.47537880673029487, -1.5920365787893525
425: -0.039130394328083185, 0.4607999240523457, -1.5901991119251533
426: -0.028696958890931157, 0.46758942774986934, -1.572747549134386
427: -0.08555041656750262, 0.5412269718517482, -1.619151466296528
428: -0.10176897995823997, 0.5272956921679957, -1.617605947861281
429: -0.10102073342005169, 0.544354381094357, -1.6046463090332996
430: -0.11270789084780197, 0.5663738680706498, -1.7089397411864242
431: -0.12913490039703024, 0.5526486741497567, -1.7078068738405079
432: -0.13162189649607992, 0.5729059705810908, -1.701251893213812
433: -0.12448822924697067, 0.5639761709338325, -1.7059995027469146
434: -0.12402468088268193, 0.5641366083377444, -1.7060963105637024
435: -0.12461398049787875, 0.5635020360695757, -1.7060963105637024
436: -0.12482602636035134, 0.5642898683941773, -1.7058058871133392
437: 0.07372169803575712, 0.3440796745502068, -1.5692558789669953
438: 0.07285632289472277, 0.3441125662707456, -1.5692558789669953
439: 0.07328904273672876, 0.34409696946743673, -1.5685058794482882
440: -0.03048751315160836, 0.46836376495093046, -1.5852269415812381
441: -0.0305949379748528, 0.4675044536526507, -1.5852269415812381
442: -0.030267898344545574, 0.46789993992892875, -1.5845293566864158
443: -0.09583954342357082, 0.5372660187468472, -1.6140148924658033
444: -0.09653991822134722, 0.537775362582227, -1.6140148924658033
445: -0.09596066830087624, 0.5378356637850266, -1.613373938259502
446: 0.05298184536923478, 0.38402074569163447, -1.6154622986343732
447: 0.035028013762318344, 0.38075219849855, -1.621721725375399
448: 0.03795822589326847, 0.3872892928847189, -1.6038084859390729
449: 0.052025073547710354, 0.42078816022536913, -1.6288409664538106
450: 0.0320671238553244, 0.42134635818668964, -1.636643506965219
451: 0.035336611773215454, 0.42240429764636134, -1.615484532694843
452: 0.05700527118945842, 0.4493749611154676, -1.6204100763749971
453: 0.03754096386013184, 0.4557787590028093, -1.6267063524273637
454: 0.0418745669358348, 0.4536026268349833, -1.6058258516553416
455: 0.07373797850291175, 0.4895154610850929, -1.6265495037685387
456: 0.053862323864780626, 0.4952812247619185, -1.6321374641521431
457: 0.062274328319975814, 0.5022910025671072, -1.613708894606797
458: 0.10779694016769925, 0.5606431332589639, -1.687015150578501
459: 0.08766723383721264, 0.5658642622345262, -1.692215700029175
460: 0.09725650977397615, 0.5753978685398315, -1.6755823865545831
461: 0.09757356125962935, 0.5673017546777739, -1.684937745720753
462: 0.09789846630874077, 0.5669776650129499, -1.68513621888825
463: 0.09711736987291641, 0.5673516227083415, -1.68513621888825
464: 0.09770484759723086, 0.5675759763120303, -1.6845407993857595
465: 0.06347654804712577, 0.4953042577464546, -1.6243817174856332
466: 0.06312643428641174, 0.49609632867418685, -1.6243817174856332
467: 0.06327164835413068, 0.4956871019934772, -1.623632427556212
468: 0.17438611821171035, 0.42385233788081433, -1.5185889621516466
469: 0.18590699326230498, 0.415775341329623, -1.5317887901062006
470: 0.17624127704200365, 0.43192933443200565, -1.5360109139847686
471: 0.20886348846201486, 0.448598656392299, -1.5023504928349336
472: 0.21827343195272353, 0.43756748780163846, -1.518139009622336
473: 0.2094365947718424, 0.45667048476945493, -1.5222006342734065
474: 0.24034688464444254, 0.4588566622329353, -1.501601790347344
475: 0.24730457497141556, 0.44598830800018807, -1.517270452829333
476: 0.24393891796944556, 0.46679300793889733, -1.5211880787335474
477: 0.27987266399993893, 0.46468873020310775, -1.4843178614541044
478: 0.2921466533279726, 0.45255480491251254, -1.4970311624549288
479: 0.29090537917081605, 0.47369812456592686, -1.5003372555903849
480: 0.349949872799016, 0.47905955592995375, -1.4136984321658637
481: 0.3617818025691313, 0.46680187580193455, -1.426708647195379
482: 0.3601843028956586, 0.48786640433804007, -1.4303479619200017
483: 0.4488445388559248, 0.4984346495035632, -1.36850467238906
484: 0.44646667356581804, 0.48350990083823686, -1.3837069292366122
485: 0.4415777582944156, 0.5039553726455519, -1.3879012312483106
486: 0.5032630088189392, 0.5055363141195104, -1.4620545873796118
487: 0.4916058896333495, 0.48915497170181177, -1.4694892475740706
488: 0.48459395108673475, 0.5092671858492281, -1.471906382081493
489: 0.49315428317967447, 0.5013194905568501, -1.4678167390117252
490: 0.4929909842591902, 0.5008623474629175, -1.4679364998326905
491: 0.49288216526038897, 0.5017214833226624, -1.4679364998326905
492: 0.49358970001944424, 0.5013746408849704, -1.4675772173697945
493: 0.287276338101494, 0.4633517255360535, -1.494066543512991
494: 0.2881081721943104, 0.46359257412340305, -1.494066543512991
495: 0.2875401862029232, 0.4639973600220906, -1.4935531924734367
496: 0.4458761496572592, 0.49494117258352577, -1.3802835614217763
497: 0.445314905306734, 0.49560068814740865, -1.3802835614217763
498: 0.4456979157521652, 0.49535806225641754, -1.3795457100304303
499: 0.3292302471277182, 0.47328649875590334, -1.4366859433486305
500: 0.33412742588810707, 0.46443991875625046, -1.4531163893482906
501: 0.34081768535921086, 0.4821330787555562, -1.4493221291176943
502: 0.360235652455589, 0.45756319588197036, -1.417723718412912
503: 0.365773714119088, 0.447675288735389, -1.435919051457181
504: 0.3752344311831075, 0.4661113380295092, -1.4304310738352022
505: 0.39003507767189105, 0.4276650944511078, -1.3934228012458938
506: 0.39018694077669, 0.42432927481108496, -1.4145973195225072
507: 0.4039991363332287, 0.43818084122969947, -1.405829860313669
508: 0.42061068760655007, 0.38885622794909636, -1.4122145796184284
509: 0.40825716882261487, 0.40150890714421617, -1.4243311493541395
510: 0.4281000196993252, 0.4077189870865954, -1.4191151014715084
511: 0.4435358967682512, 0.3607798679392553, -1.508342818343394
512: 0.42966413912285795, 0.3753116004422343, -1.5158203894469913
513: 0.45014413098066286, 0.38073312075905563, -1.512551134137515
514: 0.4411147222905907, 0.3722748630468484, -1.5122381139759669
515: 0.44063121295257535, 0.3721823285443031, -1.5123255501577835
516: 0.441301899790963, 0.3727301744759426, -1.5123255501577835
517: 0.44141105412823367, 0.3719120861202996, -1.5120632416123332
518: 0.4185598554571499, 0.39945506595380764, -1.418791927264298
519: 0.41942508779685417, 0.3994186105244475, -1.418791927264298
520: 0.41898293287448585, 0.39921044570165276, -1.4180769759154803
521: 0.2487891988929134, 0.5841250110163967, -1.4343159631467606
522: 0.22986209745652442, 0.5809368415848655, -1.436266424666938
523: 0.23688958408627903, 0.5873131804479279, -1.4194687871062208
524: 0.24552147497746324, 0.6166204345697881, -1.4453243397554805
525: 0.22503307551832785, 0.6103910015329521, -1.446289031914914
526: 0.23191800520279737, 0.6220560437167475, -1.4296747153954121
527: 0.23603618966293793, 0.6333137607736286, -1.4642174614690813
528: 0.21771323792589592, 0.6227503246509178, -1.4607254368065916
529: 0.2218360110680404, 0.6408775162634723, -1.4500521690230048
530: 0.21137617215311888, 0.6573733294561841, -1.501388563626377
531: 0.19356900972496827, 0.6462654076466186, -1.4970262226665207
532: 0.19784968360617494, 0.6643094317529152, -1.4862744784129522
533: 0.15802336077132306, 0.7163463839530813, -1.569905355090164
534: 0.14175441791673293, 0.7034306844907856, -1.5646122288765039
535: 0.15223818257709198, 0.7142604157261718, -1.5493702283767172
536: 0.10159007303567602, 0.7884730598870175, -1.5191370076770527
537: 0.08689922441095077, 0.7736166196180718, -1.5143436655715226
538: 0.10339742855677092, 0.7770426291637225, -1.5010929034094447
539: 0.047829675870814325, 0.8576181812095658, -1.47106800165138
540: 0.03310093133612779, 0.8428104310551896, -1.4662404143536176
541: 0.04952871342887488, 0.8463269215481477, -1.4529260142752756
542: 0.04348644021193904, 0.8489185112709678, -1.463411476760091
543: 0.04375444540605922, 0.8492792468043928, -1.4636306390078648
544: 0.0430707749183985, 0.8487476918549268, -1.4636306390078648
545: 0.04363410031135939, 0.8487285951535839, -1.4629731522645435
546: 0.20136439825694286, 0.6559966706103391, -1.495146419619512
547: 0.20049891349617988, 0.6559668020836413, -1.495146419619512
548: 0.20093155373113958, 0.6559846961617375, -1.494396425466826
549: 0.09698725710364786, 0.780070172970748, -1.5116850187120512
550: 0.09723678929641788, 0.779240902396827, -1.5116850187120512
551: 0.09766267960333197, 0.7798212333012364, -1.5112035392339174
552: 0.17801301107472667, 0.6934009117563906, -1.5411733404761434
553: 0.16030360945071198, 0.6899940224847365, -1.5480271053436618
554: 0.16257150589267177, 0.6968078010280447, -1.5301208784675022
555: 0.1775158216646846, 0.7281637953915843, -1.5544210780756111
556: 0.15788397801679332, 0.7274336229812646, -1.5629982887268634
557: 0.1603676285347453, 0.732558997382333, -1.542332544204259
558: 0.18324396533672194, 0.7520259899886514, -1.5567813644370059
559: 0.16538853758330951, 0.7591733418453488, -1.5662476224357735
560: 0.16645030967078522, 0.7579933899567577, -1.5448702668253416
561: 0.20394314366953314, 0.7963140315834709, -1.5515103055123352
562: 0.18689576219438653, 0.80537131227187, -1.560830360806827
563: 0.18731075805256592, 0.8026626155561349, -1.5395700287336946
564: 0.19271655463882853, 0.8014493198038253, -1.5506368983509522
565: 0.1931202062217483, 0.8012903717177349, -1.5508854741050686
566: 0.19233543917829343, 0.8016565638633455, -1.5508854741050686
567: 0.19269401851644385, 0.801401023830395, -1.5501397468427194
568: 0.04111565293668684, 0.028420830126259178, -0.9488915422266457
569: 0.040899129370501774, 0.02761102623511169, -0.9489148030044764
570: 0.040306681972123615, 0.02701820864262494, -0.9489427179253822
571: 0.03949705654350555, 0.026801222343964426, -0.9489678072088498
572: 0.03868719156441758, 0.02701820864262494, -0.9489833482016351
573: 0.03809408970198469, 0.02761102623511169, -0.9489851767072719
574: 0.03787667212127499, 0.028420830126259178, -0.9489728027791513
575: 0.03809319568746006, 0.029230634017406665, -0.9489495420013206
576: 0.03868564308583822, 0.029823451609893414, -0.9489216270804148
577: 0.03949526851445628, 0.03004043790855393, -0.9488965377969473
578: 0.040305133493544254, 0.029823451609893414, -0.9488809968041619
579: 0.04089823535597714, 0.029230634017406665, -0.9488791682985251
580: 0.053300372169643895, 0.03535999644882826, -1.2639433214444027
581: 0.05236484714902323, 0.03217054336293801, -1.2640074384701452
582: 0.049854707583877556, 0.029994166433738867, -1.2641279036926523
583: 0.04656690505034222, 0.029521849958707325, -1.2642664702549444
584: 0.043545293622312076, 0.03090355108143683, -1.2643791442525587
585: 0.04174921357850048, 0.03370058945809462, -1.2644301524873685
586: 0.04174890764232242, 0.03702492516702072, -1.264403300205229
587: 0.043544472946352886, 0.03982110510926451, -1.2643071128159904
588: 0.04656583019342031, 0.0412013619100271, -1.264172129136108
589: 0.04985371980547104, 0.04072747378749475, -1.2640412055301957
590: 0.05236426006179684, 0.0385498968722382, -1.2639559093180686
591: 0.06718711663236898, 0.03192395390688052, -1.3808464667856022
592: 0.06527926092601843, 0.02605244210572155, -1.381132887625637
593: 0.06028134142737818, 0.02241813907210677, -1.3812290295518723
594: 0.054102393511893165, 0.022409225039459857, -1.38109816961623
595: 0.04910256526856338, 0.026029104865275654, -1.3807902918663602
596: 0.04719162114842901, 0.031895107491282104, -1.3804229951383329
597: 0.04909947685477978, 0.03776661929244107, -1.380136574298298
598: 0.054097396353419924, 0.04140092232605608, -1.3800404323720628
599: 0.060276344268904936, 0.04140983635870277, -1.380171292307705
600: 0.06527617251223483, 0.03778995653288697, -1.380479170057575
601: 0.04512445911587559, 0.049443571018202404, -1.3749492175897475
602: 0.03992103872197528, 0.04536303022338317, -1.376699850161809
603: 0.03717430538788902, 0.039340857199105406, -1.3749735826757914
604: 0.0381694861671763, 0.034194893632426115, -1.3705781548737277
605: 0.04244092491300633, 0.032332993067209825, -1.3655702362739426
606: 0.04798996796445132, 0.03462635947064063, -1.362293087646091
607: 0.05222015640699618, 0.04000190121462466, -1.362280123254595
608: 0.053152138055066356, 0.0459443425746604, -1.3655374092823183
609: 0.050349828337707736, 0.04967314919550758, -1.3705408253961877
610: -0.010235056593308922, 0.09305123331371079, -1.3082641899784633
611: -0.015065887445525838, 0.08760230347953413, -1.3106202206875543
612: -0.018291544089302447, 0.08146156294502815, -1.3073852417591798
613: -0.01802248061027345, 0.07822617423229228, -1.3004542599755906
614: -0.014416310745314576, 0.07979138416969822, -1.2938873504650523
615: -0.00958547989309766, 0.08524031400387488, -1.2915313197559615
616: -0.0063598232493210505, 0.09138105453838086, -1.2947662986843358
617: -0.0066288867283500474, 0.09461644325111673, -1.301697280467925
618: -0.08795318415796705, 0.14583991034845822, -1.3237950121860003
619: -0.09184895627495937, 0.13839324382873097, -1.3259565294736224
620: -0.09736100526961677, 0.13360950696204, -1.3212623610596204
621: -0.10033864582365348, 0.13509095117945313, -1.313247311503323
622: -0.09853965386708197, 0.14172201876930246, -1.3079468765978375
623: -0.09331870703594869, 0.14850938058730434, -1.309352391936162
624: -0.08860728478200375, 0.15034201474755338, -1.3164054758012507
625: -0.15720605488034234, 0.19081803294269029, -1.3826191007887842
626: -0.16196007557542014, 0.1821801093874209, -1.3842881016528013
627: -0.16682494528793756, 0.17762823008608808, -1.3768306598993358
628: -0.1669357943053773, 0.18171427434002552, -1.3677042172818532
629: -0.16218177361029962, 0.1903521978952949, -1.3660352164178364
630: -0.15731690389778208, 0.19490407719662772, -1.3734926581713018
631: -0.24715455153905164, 0.24257216578157004, -1.3682497616033842
632: -0.2535322612875406, 0.23162547397372601, -1.3690787805297784
633: -0.2523496834960609, 0.2255467634363464, -1.3579953106975435
634: -0.24524110047809677, 0.23273660552431763, -1.350316330701544
635: -0.24203033235262428, 0.2432588828458082, -1.3566539298973206
636: -0.3239920971327862, 0.28413938856357723, -1.3168433158748938
637: -0.33145544110194214, 0.26942438443355265, -1.3154302997492138
638: -0.32349557202133716, 0.26675790767916996, -1.3011558522902764
639: -0.31603222805218123, 0.28147291180919454, -1.3025688684159562
640: -0.4010798796518814, 0.3250688667182946, -1.2719554018375483
641: -0.40333569547820547, 0.3104021371656762, -1.2564857761630837
642: -0.3908876253651665, 0.32755327384305644, -1.2532616421003158
643: -0.4773047357152733, 0.37583002506326335, -1.24953285525774
644: -0.4861634508726498, 0.3655971121551842, -1.2329099301692925
645: -0.47468004466544456, 0.38340223749193725, -1.229651115516259
646: -0.5480208538829358, 0.4230753505266811, -1.289821433680609
647: -0.563084387273852, 0.41701990929671484, -1.2758238420087828
648: -0.553056699475164, 0.43580014681412993, -1.2733220155716525
649: -0.611193350753735, 0.46134386843984454, -1.358177440105582
650: -0.6254143281319422, 0.4548611650006047, -1.3435060619205788
651: -0.6156023525795731, 0.473790781459986, -1.341291172356645
652: -0.6941876812982033, 0.5108134901271273, -1.3924113038039163
653: -0.7056552758571337, 0.5026836116756075, -1.376227659878165
654: -0.6954866808713958, 0.5213998852553041, -1.3738169009466328
655: -0.6984432126755776, 0.5116323290193463, -1.3808186215429048
656: -0.6981503166875062, 0.5119618339732164, -1.3810544762132988
657: -0.698593684400905, 0.5112179380996456, -1.3810544762132988
658: -0.6985856369383217, 0.511717214985177, -1.3803469122021166
659: 0.045635495555959915, 0.041141935379250816, -1.3694408008989651
660: 0.044897367114720144, 0.04159483978884837, -1.3694408008989651
661: 0.04498123901936801, 0.04090359069715466, -1.3689258939201396
662: -0.09404334037131445, 0.1423612179105327, -1.3171000101356058
663: -0.09401454015173338, 0.1414956969417791, -1.3171000101356058
664: -0.0939281639960513, 0.14193181075747785, -1.3163568191107096
665: -0.24818882631664052, 0.2355619497622341, -1.3607086756374978
666: -0.24791805829352265, 0.23473936804735307, -1.3607086756374978
667: -0.24807787288186134, 0.23514261712747397, -1.3599591167827467
668: -0.39798674843183046, 0.3210489021730296, -1.260786539344018
669: -0.3987963886599968, 0.3207415933691615, -1.260786539344018
670: -0.39852006340342616, 0.3212337821848361, -1.2601297414129111
671: -0.5542858438068637, 0.42531167421436034, -1.2799022610336805
672: -0.5551449376320696, 0.42520252386166635, -1.2799022610336805
673: -0.5547311591930184, 0.42538120856149964, -1.2791627691936838
674: -0.6174045478746081, 0.46380985818565246, -1.347805126575378
675: -0.6170360263207136, 0.46302618231878223, -1.347805126575378
676: -0.6177694572699286, 0.46315977439600053, -1.3473644212320497
677: 0.0010478454115893099, 0.07176802755742684, -1.3329961109393107
678: 0.0009897802885913132, 0.0683581702391789, -1.314007340711624
679: 0.016895108190109642, 0.07517788487567478, -1.322534704306027
680: -0.009695213079804477, 0.1017788094483445, -1.3280538501846388
681: -0.011944939217940043, 0.10564347487342896, -1.3070892592567065
682: 0.007151521663314453, 0.10823401118525067, -1.3164767659942724
683: -0.011583383416822635, 0.12728669227248468, -1.3468019998290033
684: -0.016255210794297814, 0.13476925514188864, -1.327264951403499
685: 0.004174211098868508, 0.1315710324690158, -1.3329148250450722
686: -0.0034603702895766864, 0.17932721809241525, -1.3552269858945403
687: -0.010054491243585484, 0.17612253384917298, -1.3350835366599874
688: 0.010581707121022466, 0.17334349496400203, -1.3401762019004344
689: 0.0158500264256336, 0.2727191011704122, -1.3164210070746238
690: 0.0083958591489951, 0.2651531322515124, -1.297801058528773
691: 0.029120369888013697, 0.262859597101323, -1.302775526386056
692: 0.03754389590177887, 0.357694881822997, -1.2666643174884342
693: 0.029836417898863377, 0.349084850905508, -1.2486095915211297
694: 0.05054598604526506, 0.34672972739172603, -1.2536174013961525
695: 0.03930876661530247, 0.351169820040077, -1.2562971034685722
696: 0.0397588414690393, 0.3511822535335194, -1.2565145132987883
697: 0.03891977550234493, 0.35139655309846396, -1.2565145132987883
698: 0.03924768287452318, 0.3509306534882477, -1.25586228380814
699: -0.0007030552216875652, 0.1758928935579298, -1.3436866785305985
700: -0.0009425962014406597, 0.17672510514101325, -1.3436866785305985
701: -0.0012875029890115908, 0.17617524820664765, -1.343113367393765
702: 0.018222262763871067, 0.26681854794619464, -1.3058973414434258
703: 0.017356275763748985, 0.26681380288354783, -1.3058973414434258
704: 0.017787716935022235, 0.2670994796935051, -1.3052029091026012
705: -0.13492962415624998, 0.17189527997726128, -1.3661765735083193
706: -0.14198293630516823, 0.1622695604770248, -1.3510174110947195
707: -0.14310393411808853, 0.18152099947749778, -1.35159130443299
708: -0.17042886284313297, 0.16931761202619655, -1.3856824780470192
709: -0.17857653303953025, 0.15857640589910083, -1.369016556511563
710: -0.18212754828848, 0.17962579625536157, -1.370972172949285
711: -0.20072979458464313, 0.15543037416762062, -1.4090542248585431
712: -0.20271937150626917, 0.1485866645571512, -1.3888374941198578
713: -0.21135730794798446, 0.16730402652209908, -1.3947160478894516
714: -0.24639883085334446, 0.12638848219941967, -1.4049409125008854
715: -0.2363796804945616, 0.12719465038670807, -1.386007405211904
716: -0.24931122320000154, 0.14321336235657323, -1.391981269070738
717: -0.31776055595646324, 0.08484607486540408, -1.3468097140837265
718: -0.3068203683246953, 0.08633602467832824, -1.3284357291197433
719: -0.3194545854479339, 0.10247052372043997, -1.3347258386309484
720: -0.3991086129239212, 0.04470305810818176, -1.3073120811005818
721: -0.38996463206328225, 0.04527122533709815, -1.2879323035131003
722: -0.4015434929418721, 0.06194731514808871, -1.2948133636559878
723: -0.3968722459763585, 0.050640532864456356, -1.29668591608989
724: -0.3971535262141458, 0.05098456196489676, -1.29691507630869
725: -0.3967701733649295, 0.050208033412299846, -1.29691507630869
726: -0.39669303835000025, 0.050729003216172464, -1.2962275956522895
727: -0.24385490634706786, 0.1326993400178511, -1.3944863376618977
728: -0.24445876779938014, 0.13207860871816401, -1.3944863376618977
729: -0.2437760604014596, 0.1320185462066854, -1.393956911459732
730: -0.3148864525274766, 0.09161486712376443, -1.3368781779027228
731: -0.3142990379584001, 0.09097854949550244, -1.3368781779027228
732: -0.31485001924321576, 0.09105920664490585, -1.3362149260289728
733: -0.306669515312611, 0.26238593884594885, -1.3339535575407198
734: -0.30151562234546136, 0.2571766363827026, -1.3161068646151726
735: -0.289453404663088, 0.2675952413091951, -1.326976982793826
736: -0.3236724835694047, 0.29613017846599843, -1.3202470741131818
737: -0.31941781619318255, 0.2942914370181635, -1.2993179600677731
738: -0.304042857071797, 0.3005750352211083, -1.3128692701505538
739: -0.3260639311942103, 0.3325541033734367, -1.3254370262350035
740: -0.32328952323184734, 0.32952550621548116, -1.3043979854053174
741: -0.30626885476695065, 0.33148424189856374, -1.3172809656060276
742: -0.3233580662947546, 0.3814431863956653, -1.3070386001805605
743: -0.3212444397337638, 0.3672744237117189, -1.2910921358048224
744: -0.3038285715254879, 0.3754192874476072, -1.300571571895423
745: -0.324124359751632, 0.4445984123375577, -1.2286078609190998
746: -0.32211211286212404, 0.42890415372159985, -1.2141457694980398
747: -0.3046481806774217, 0.43849028836833415, -1.2220595596458008
748: -0.3302626273707615, 0.5133043001602406, -1.161970087460413
749: -0.3288325468508344, 0.5044515201005109, -1.142499747601012
750: -0.31104550900211836, 0.5101918288871847, -1.1529964670371968
751: -0.33266534204653464, 0.6096467963198771, -1.1533041329724762
752: -0.33149628359155336, 0.6076381897845804, -1.131994281226507
753: -0.3135500622208336, 0.6092045999123388, -1.143612821459461
754: -0.32590389595297387, 0.6088298620055987, -1.1429704118861481
755: -0.325471638390988, 0.6088646275693812, -1.1432192768207632
756: -0.3263373600515088, 0.6088426729228302, -1.1432192768207632
757: -0.32590268941642475, 0.6087822855245848, -1.1424726820169178
758: -0.3159839728578695, 0.37427047939911584, -1.2997385321524264
759: -0.31593933624957304, 0.37513532827215657, -1.2997385321524264
760: -0.3165077684465637, 0.37473108988371906, -1.299225243575953
761: -0.3232229711553767, 0.509746516038539, -1.1526883033148299
762: -0.3237707875675305, 0.5090758050884456, -1.1526883033148299
763: -0.32314692450080706, 0.5091253280209516, -1.1520896954689621
764: -0.3255660856530125, 0.41703428509360063, -1.2401368808163347
765: -0.30850074310233644, 0.4096589475600545, -1.2452926904659969
766: -0.31602254379504235, 0.42440962262714677, -1.2551944071178438
767: -0.30585490403173865, 0.4457834564114387, -1.2122591027560379
768: -0.2879966023703935, 0.4362055249344239, -1.219248757233478
769: -0.29615576592121673, 0.4528438965828292, -1.2300238961356196
770: -0.2832958324048963, 0.4656809528989354, -1.1968689691159322
771: -0.26939182961026187, 0.45258275360577005, -1.2065966029949036
772: -0.2768398697107548, 0.46985419449853194, -1.2168793559078774
773: -0.2420239502980287, 0.4916035477523144, -1.1817043765581414
774: -0.22947066322274756, 0.4776028267279855, -1.1919954296492732
775: -0.2366757966398716, 0.4950365730986832, -1.2021768597670717
776: -0.23605680338688262, 0.4880809825263277, -1.191958888658162
777: -0.23576392853102757, 0.4877535589936939, -1.192197650357531
778: -0.23622411045097047, 0.4884871723799933, -1.192197650357531
779: -0.23618237117864982, 0.48800221620529594, -1.1914813652594245
780: -0.4503096451784607, 0.35746109171648865, -1.2556571464773263
781: -0.4554084143047172, 0.3478545448209551, -1.239722256976917
782: -0.45371649155575083, 0.3670676386120222, -1.23927692829335
783: -0.4858008997209526, 0.36090572935495646, -1.2662240254446637
784: -0.4917753905395962, 0.3502401704483067, -1.248615439698309
785: -0.49254583481482767, 0.3716599027897336, -1.248950792289457
786: -0.5070135096737258, 0.3557000541598996, -1.2771633705821155
787: -0.5147488181940687, 0.34438296051967066, -1.2606830983467001
788: -0.5210414575027605, 0.3646581289717423, -1.2636548342183451
789: -0.5399828670085198, 0.33770327791900656, -1.3078864991694843
790: -0.5488766817792692, 0.3257648376741773, -1.292462988458098
791: -0.5558979379680523, 0.345713070208564, -1.2959674084679589
792: -0.6086871802534803, 0.3023398848966796, -1.3765562606863124
793: -0.6131472197840762, 0.2927486262965837, -1.3579115084709674
794: -0.6214268620109917, 0.3120288879069133, -1.3622967127024175
795: -0.6972544805383469, 0.25147045046684124, -1.3899464382822313
796: -0.6975807405689485, 0.24432028927765992, -1.369740505275286
797: -0.7065752091281949, 0.2631646962509826, -1.374588065535925
798: -0.785685432755144, 0.20854183918299873, -1.4129377297863888
799: -0.7850684623148388, 0.2017386214281116, -1.3926191039722402
800: -0.7933301035802667, 0.22097249400066699, -1.397235857028673
801: -0.8787984699047411, 0.16817216256157885, -1.412297985353137
802: -0.8760939357239755, 0.16230032575695374, -1.391859834587353
803: -0.884447644655986, 0.18149312170553444, -1.396481859043735
804: -0.8797800167615676, 0.17065520334135553, -1.4002132263280749
805: -0.8799538388318092, 0.17105178638053675, -1.4004632198898535
806: -0.8796094871623834, 0.17025719344842405, -1.4004632198898535
807: -0.87977672429051, 0.1706566301951058, -1.399713239204518
808: -0.5481530407982464, 0.3368151563348969, -1.2990222915185836
809: -0.5483482584960585, 0.33597144663929046, -1.2990222915185836
810: -0.5482561874615364, 0.3363945828275601, -1.298272313058374
811: -0.7009082769569946, 0.2530622960996103, -1.3783198708275926
812: -0.7001126307013883, 0.2527203852399704, -1.3783198708275926
813: -0.7003895225771074, 0.25317275465590305, -1.3776352674382573
814: -0.7877796805880197, 0.21077344177480284, -1.4011793722798869
815: -0.7882291917201905, 0.21003324197606266, -1.4011793722798869
816: -0.7880751263420394, 0.21044627086091183, -1.400433946227528
817: -0.5863240820849214, 0.3133998229801487, -1.3528672403322943
818: -0.5970437318913653, 0.30379842554455583, -1.3400178758125914
819: -0.595552157492953, 0.32300122041574153, -1.3389080252828482
820: -0.6211618939073251, 0.31771072589410054, -1.3803246632055268
821: -0.6334186834955676, 0.30710405239067273, -1.3662968135662832
822: -0.6301498050464118, 0.32815388325553374, -1.3639030647145083
823: -0.6465595709734164, 0.32781433915303526, -1.3962765719992183
824: -0.6597773846153605, 0.31758428627298607, -1.3828547092403372
825: -0.6520331925509384, 0.33688026363427936, -1.3776389900893655
826: -0.6851715772460985, 0.3530142422693354, -1.4164099542209958
827: -0.6986630765030374, 0.34294913086212353, -1.4031365236365376
828: -0.6896443804817465, 0.3614770058889676, -1.397229582940611
829: -0.6911596780769608, 0.35248012634014203, -1.4055920202660481
830: -0.6908392052163622, 0.3527880030614703, -1.4058211448393347
831: -0.6913126729124992, 0.35206289317964923, -1.4058211448393347
832: -0.6913271561020209, 0.35258948277930613, -1.4051337711194747
833: 0.041115652937593894, 0.028420830126259178, -0.9488915422628001
834: 0.04089895848918601, 0.02761090495152363, -0.9489079918213087
835: 0.04030638599609537, 0.02701799857328835, -0.9489309205739217
836: 0.03949671477930272, 0.026800979776788303, -0.948954184779893
837: 0.038686895587482395, 0.02701799857328835, -0.94897155081402
838: 0.03809391881909774, 0.02761090495152363, -0.9489783654614827
839: 0.03787667212036794, 0.028420830126259178, -0.9489728027429969
840: 0.03809336656877582, 0.029230755300994726, -0.9489563531844883
841: 0.03868593906186646, 0.029823661679230007, -0.9489334244318753
842: 0.03949561027865911, 0.030040680475730053, -0.948910160225904
843: 0.04030542947047944, 0.029823661679230007, -0.9488927941917771
844: 0.04089840623886409, 0.029230755300994726, -0.9488859795443143
845: 0.05329954814152016, 0.03270531220422401, -1.2639241542852595
846: 0.052366268508605485, 0.02951692371450032, -1.2640470241744812
847: 0.04985792082365503, 0.027341527487371398, -1.2642136740790402
848: 0.04657088775350249, 0.026869796454335182, -1.2643711938317306
849: 0.04354877907285559, 0.028251501885288688, -1.2644695720240549
850: 0.04175109293462009, 0.031047962068568413, -1.264477574275057
851: 0.041748581985842415, 0.034371320654826176, -1.264392659926585
852: 0.04354204343501811, 0.037166434774654755, -1.2642417886843025
853: 0.04656206594402679, 0.03854587544434174, -1.2640728611016292
854: 0.04984981370471775, 0.03807167999792305, -1.2639395104924787
855: 0.05236145003318704, 0.03589440213913164, -1.2638840747330455
856: 0.067577864936198, 0.03887156023059579, -1.3578225850911871
857: 0.0656680534340226, 0.032995840644077123, -1.357664027556615
858: 0.06066892740016505, 0.02936634355136869, -1.3574848882905677
859: 0.05448998306551478, 0.029369413479816142, -1.3573535924039555
860: 0.04949136715131419, 0.033003877821095706, -1.3573202904628814
861: 0.047582381040082056, 0.03888149472773805, -1.3573977026769442
862: 0.04949219254225756, 0.04475721431425694, -1.3575562602115163
863: 0.05449131857611511, 0.04838671140696538, -1.3577353994775636
864: 0.06067026291076538, 0.04838364147851748, -1.3578666953641758
865: 0.06566887882496597, 0.04474917713723792, -1.3578999973052501
866: 0.05299212080331772, 0.029082770478084496, -1.3753139725693053
867: 0.052041250611693735, 0.02362232114793028, -1.3713051759459154
868: 0.04787587245481584, 0.0214258319230467, -1.366343707285188
869: 0.0424450130653089, 0.0235210645230155, -1.3627510929140598
870: 0.0382898319088022, 0.028927636328394568, -1.362208357024243
871: 0.037354584428119786, 0.035115752304094805, -1.36496945177042
872: 0.04007688331359105, 0.039189924211837424, -1.369742430234705
873: 0.04518293466172174, 0.03924380173661235, -1.374293962747912
874: 0.05028356029928205, 0.035252174985795914, -1.3764943366624622
875: -0.009127990649132167, -0.011395577933614787, -1.4470114231935274
876: -0.008896527911292806, -0.016378529608001013, -1.4412066612367875
877: -0.012047291334069898, -0.016721947549291905, -1.4342400696932864
878: -0.016734606436229704, -0.01222466218504148, -1.4301925834056934
879: -0.0202127076020433, -0.005521122287765801, -1.4314351649477612
880: -0.02044417033988266, -0.0005381706133795738, -1.437239926904501
881: -0.01729340691710557, -0.00019475267208868274, -1.4442065184480022
882: -0.012606091814945763, -0.004692038036339108, -1.4482540047355952
883: -0.10154847437096226, -0.0647715048404065, -1.447646683057969
884: -0.09655433430332494, -0.06722215706298118, -1.4409867349878216
885: -0.09510665273872876, -0.06308178021297617, -1.4334991761562847
886: -0.09829556342263679, -0.05546816250674125, -1.4308222910818713
887: -0.10371975156814295, -0.05011451336656925, -1.4349718288241191
888: -0.10729469286840732, -0.05105223978954987, -1.442823102827971
889: -0.10632838360881791, -0.057575214653045936, -1.448463943631724
890: -0.15890615550424347, -0.10176090698698381, -1.3703890537897143
891: -0.15088141824175605, -0.10244636282561537, -1.3644616815083968
892: -0.14837772305666574, -0.0947940681934889, -1.3585309229326927
893: -0.15389876513406286, -0.08645631772273132, -1.3585275366383063
894: -0.1619235023965503, -0.08577086188409977, -1.3644549089196238
895: -0.1644271975816406, -0.09342315651622624, -1.3703856674953279
896: -0.2152281089624647, -0.140480166959851, -1.3028960445131061
897: -0.20902601493115258, -0.1425484622959723, -1.2920126305459012
898: -0.21151773459792733, -0.13287414373168227, -1.284177363545278
899: -0.2192597960737428, -0.12482679070483549, -1.2902183161951677
900: -0.22155293354201322, -0.12952757157906492, -1.3017870972578511
901: -0.29805957532597593, -0.18948217192855754, -1.3089898797246058
902: -0.29667491340648355, -0.1933504751195616, -1.292947797375011
903: -0.3049567599906373, -0.17958915316171975, -1.2889146225152808
904: -0.3063414219101296, -0.1757208499707157, -1.3049567048648754
905: -0.30150816765830657, -0.18453566254513865, -1.2989522511199432
906: -0.30171679765324066, -0.18415605407564173, -1.2992019708330218
907: -0.3012791134652756, -0.18490330808306177, -1.2992019708330218
908: -0.30152859185640346, -0.18454762547671222, -1.298452811693786
909: 0.04523282232334647, 0.031026623940209497, -1.3695190082202933
910: 0.04512744246558842, 0.030167059465851187, -1.3695190082202933
911: 0.04515375239328279, 0.030600075806876514, -1.3687694792774834
912: -0.10145808056910999, -0.058904943556728595, -1.4400379700163886
913: -0.10080661975191296, -0.0583343694566707, -1.4400379700163886
914: -0.10152723662798602, -0.05816878945757353, -1.439587100210549
915: -0.2157356328032639, -0.13390487372552307, -1.2944489172059945
916: -0.21487559511246213, -0.1340063191315315, -1.2944489172059945
917: -0.21533952494865427, -0.13424308830578924, -1.2937570368223934
918: 0.011227643462258019, 0.004201010163693342, -1.425593272526387
919: 0.0008426883122023554, -0.005413748862875156, -1.4124817124116809
920: 0.0021083168786175666, 0.01381576919026184, -1.4115719250600722
921: -0.023570518595068535, 0.007825522552255881, -1.452053484692511
922: -0.034708935410257435, -0.0029276637810813355, -1.4372273040025407
923: -0.030971303776216264, 0.018030203485898344, -1.43471555387407
924: -0.05036843661886414, 0.019380601152815258, -1.4622753959631376
925: -0.06244409720490496, 0.009371020372066274, -1.4476638356999625
926: -0.05388890689585146, 0.028513427776658107, -1.4432042463856298
927: -0.08788411616556802, 0.04275323717911417, -1.4808497735040138
928: -0.10188657245087751, 0.03394859782302162, -1.4672145058826158
929: -0.09338889640927495, 0.05315748419921751, -1.4629344164678515
930: -0.16090279893922455, 0.08418349146449766, -1.5340211018586332
931: -0.1754081556550896, 0.07566914260187585, -1.5207315770623477
932: -0.16730058152216976, 0.09510320849412479, -1.5167196817627502
933: -0.16787051203882797, 0.08498528085349943, -1.5238241202279104
934: -0.1675405059291869, 0.08529587409237105, -1.5240353471380494
935: -0.1679679040810833, 0.08454268963969302, -1.5240353471380494
936: -0.1681031261062137, 0.08511727882843423, -1.5234016664076324
937: -0.09398629891871091, 0.04345365374061916, -1.4705815849360921
938: -0.0948036702399282, 0.043167541658994724, -1.4705815849360921
939: -0.09436961586708137, 0.04323812380173897, -1.4698355259822966
940: -0.148867854226731, -0.08255681689668637, -1.393055092241712
941: -0.13065155190597444, -0.08888821123439206, -1.3935876978636021
942: -0.1360716487193223, -0.07622542255898068, -1.3800791736383209
943: -0.16049159011475733, -0.11491181981563359, -1.367407346045636
944: -0.13973165989190017, -0.11989763605755366, -1.3693251345803565
945: -0.14672160899010211, -0.1096437636128973, -1.3518462990695663
946: -0.16225136382710792, -0.14863988316312682, -1.360614776922746
947: -0.14102818085867386, -0.1485714721116056, -1.363628545980985
948: -0.14923942014765534, -0.14169093295533797, -1.3450612438189002
949: -0.15564983011558076, -0.19324270445224911, -1.3365049069415436
950: -0.13448109497531247, -0.19220171958446297, -1.3397161344928408
951: -0.14364269412919872, -0.18004632908842155, -1.3246223423201542
952: -0.1416913308412504, -0.258092243535873, -1.2608047663537196
953: -0.12050171477244243, -0.2571550376859959, -1.2639084408488088
954: -0.12997616680408897, -0.243444756355375, -1.250426084828615
955: -0.13072307080592727, -0.2528973458590813, -1.258379764010381
956: -0.13110677203581045, -0.2531723712926637, -1.2585444557741976
957: -0.1302601788382194, -0.2529900639757712, -1.2585444557741976
958: -0.13080226154375207, -0.25252960230880905, -1.2580503804827483
959: -0.14485685285027028, -0.18810926555222496, -1.3337851855112035
960: -0.14468341729025058, -0.18895772068157513, -1.3337851855112035
961: -0.14423334907957108, -0.18842376689133378, -1.3332730127321313
962: 0.04111527610616983, 0.028420830126259178, -0.9488785886978574
963: 0.04089865044896246, 0.027610879039528413, -0.9488946642183542
964: 0.040306229286201645, 0.02701795369239579, -0.9489207900534041
965: 0.039496751390028284, 0.026800927952797426, -0.948949965806604
966: 0.03868711570901273, 0.02701795369239579, -0.9489743738584453
967: 0.03809426347004674, 0.027610879039528413, -0.9489874740911484
968: 0.037877048951792, 0.028420830126259178, -0.9489857563079397
969: 0.03809367460899937, 0.029230781212989942, -0.9489696807874428
970: 0.03868609577176019, 0.029823706560122565, -0.9489435549523929
971: 0.03949557366793355, 0.03004073229972093, -0.9489143791991931
972: 0.0403052093489491, 0.029823706560122565, -0.9488899711473517
973: 0.04089806158791509, 0.029230781212989942, -0.9488768709146487
974: 0.055826917395831455, 0.03188798870535181, -1.2640171069363295
975: 0.05489379581577469, 0.028699630974999613, -1.264141959427011
976: 0.05238448327817313, 0.026523372761689368, -1.2642804506611318
977: 0.04909566878376037, 0.026050160671440947, -1.2643886106503908
978: 0.04607152769685963, 0.027430236199351477, -1.2644320993624203
979: 0.044272203445002045, 0.030225435116457255, -1.2643971094384274
980: 0.04426896876473463, 0.03354830151650878, -1.2642947499320532
981: 0.04606285064418736, 0.03634384879574193, -1.2641575192633332
982: 0.04908430426159749, 0.037724510445393156, -1.2640289871999608
983: 0.05237403944200847, 0.037251936146987186, -1.2639499617638927
984: 0.05488758850979791, 0.0350761649012179, -1.2639455329727132
985: 0.06109356120616449, 0.04100194409654079, -1.356505801662026
986: 0.05917269244490697, 0.0351298094193746, -1.3563480085688349
987: 0.0541707895130632, 0.03150099422440733, -1.3564442814424709
988: 0.04799840932216992, 0.03150158257722402, -1.3567578473173996
989: 0.04301319131366177, 0.03513134974704646, -1.3571689346871105
990: 0.04111931932546076, 0.04100384804625068, -1.3575205221487197
991: 0.04304018808671839, 0.04687598272341709, -1.3576783152419107
992: 0.04804209101856216, 0.05050479791838414, -1.3575820423682747
993: 0.05421447120945544, 0.05050420956556745, -1.357268476493346
994: 0.05919968921796359, 0.04687444239574501, -1.356857389123635
995: 0.06501964320270548, 0.02791405926243451, -1.3671393899431112
996: 0.062108560648718836, 0.022973237566592752, -1.3634104503203794
997: 0.05599637673544522, 0.020065145172037724, -1.3624228685206008
998: 0.04954305024526284, 0.02055051083002879, -1.3646387450436406
999: 0.045768164363663266, 0.024202226554953077, -1.3690212466376441
1000: 0.04643803014783021, 0.029311613974819295, -1.3735197521006974
1001: 0.0512392099526231, 0.03348793393135585, -1.3760293607313183
1002: 0.05792517838820932, 0.0347770399022731, -1.3753757987600466
1003: 0.0633674965173161, 0.03257574487696191, -1.3718648750967721
1004: 0.08435739298984446, -0.036868850316854385, -1.4405172696417554
1005: 0.08073993139309321, -0.0420993476688627, -1.436258805974028
1006: 0.07355598321247014, -0.044705115305814, -1.4358351229285427
1007: 0.06701380786079913, -0.043159729886375287, -1.4394944082871972
1008: 0.0649457229316659, -0.038368457230160136, -1.4450931023154852
1009: 0.06856318452841714, -0.033137959878151824, -1.4493515659832124
1010: 0.07574713270904021, -0.030532192241200518, -1.4497752490286977
1011: 0.08228930806071122, -0.032077577660639234, -1.4461159636700431
1012: 0.10696056582731561, -0.10954535695584244, -1.5014668377202294
1013: 0.10131046467244809, -0.11196071849461497, -1.4953394871341246
1014: 0.09317650274984146, -0.11482519394108626, -1.4963066910869707
1015: 0.08868371928980401, -0.11598177485941319, -1.5036401252749094
1016: 0.09121527187382461, -0.1145595322281443, -1.5118175641796274
1017: 0.09886484977187426, -0.11162944375708772, -1.5146812295165175
1018: 0.10587216480376926, -0.10939792582786123, -1.5100747228787743
1019: 0.13815487425624906, -0.18643487320466745, -1.4497098459547457
1020: 0.12989631844524374, -0.18605331184291218, -1.4440839534172256
1021: 0.12174574001753258, -0.19116327465143268, -1.4468145854666359
1022: 0.12185371740082673, -0.19665479882170844, -1.4551711100535665
1023: 0.13011227321183205, -0.1970363601834637, -1.4607970025910866
1024: 0.13826285163954322, -0.19192639737494321, -1.4580663705416763
1025: 0.1300042958285379, -0.19154483601318795, -1.452440478004156
1026: 0.12965206878829383, -0.19182862125159095, -1.4526535297598058
1027: 0.1304547299625376, -0.1915035196684487, -1.4526535297598058
1028: 0.1299060887347825, -0.1913023671195242, -1.4520143744928569
1029: 0.05487676699570354, 0.027505290493833545, -1.3695185791952058
1030: 0.05567143387979523, 0.027161109519158844, -1.3695185791952058
1031: 0.05525370252509276, 0.027286104010826318, -1.3687703373276583
1032: 0.09823911781271488, -0.11297392539984896, -1.5049179940012147
1033: 0.09817263995958903, -0.11211048073164842, -1.5049179940012147
1034: 0.09762404465150065, -0.11258699932452387, -1.5044468653366363
1035: 0.07930139707932393, -0.01657081214338052, -1.4211005896422875
1036: 0.06399338189762882, -0.024349299176689154, -1.4123049257151672
1037: 0.06181076068589597, -0.008792325110071886, -1.4235040603150322
1038: 0.0733883047174575, -0.04390337879921802, -1.4579103658917605
1039: 0.056067726430525155, -0.05354541340048913, -1.4497531779036035
1040: 0.05424614984451237, -0.03432478432595709, -1.4590676964655336
1041: 0.06428456970815777, -0.05751389073155, -1.5037663711179994
1042: 0.04926872445503194, -0.06526326238449909, -1.4905761243561437
1043: 0.04603427094940349, -0.04667919694370859, -1.5007585504684386
1044: 0.03321837132647376, -0.09034877142011011, -1.5264462961936203
1045: 0.030544269407449254, -0.08504238569933142, -1.5058501210916995
1046: 0.018031195808676848, -0.07627878991202897, -1.5208878522140623
1047: -0.028820190911998722, -0.1636575935134248, -1.4923353074576207
1048: -0.028455461157046225, -0.15481811441782334, -1.4728098993736836
1049: -0.04337138825840159, -0.14884819287820794, -1.4870009576442247
1050: -0.03354901344248218, -0.15577463360315202, -1.484048721491843
1051: -0.033933967712373, -0.15555925351083388, -1.484284116109296
1052: -0.03327282145652222, -0.1561185759834509, -1.484284116109296
1053: -0.033440251158551315, -0.15564607131517127, -1.4835779322569371
1054: 0.02718955333359141, -0.08343555555242177, -1.5179226443517129
1055: 0.027030982711467644, -0.0842869140889968, -1.5179226443517129
1056: 0.027573300497540698, -0.08394747739005193, -1.5173389807959565
