# Root face definitions (point indices)
0: [1, 2, 17, 16]
1: [2, 3, 18, 17]
2: [3, 4, 19, 18]
3: [4, 5, 20, 19]
4: [5, 6, 21, 20]
5: [6, 7, 22, 21]
6: [7, 8, 23, 22]
7: [8, 9, 24, 23]
8: [9, 10, 25, 24]
9: [10, 11, 26, 25]
10: [11, 12, 27, 26]
11: [12, 13, 28, 27]
12: [13, 14, 29, 28]
13: [14, 15, 30, 29]
14: [0, 1, 16, 30]
15: [15, 0, 30]
16: [17, 18, 32, 31]
17: [18, 19, 33, 32]
18: [19, 20, 34, 33]
19: [20, 21, 35, 34]
20: [21, 22, 36, 35]
21: [22, 23, 37, 36]
22: [23, 24, 38, 37]
23: [24, 25, 39, 38]
24: [25, 26, 40, 39]
25: [26, 27, 41, 40]
26: [27, 28, 42, 41]
27: [28, 29, 43, 42]
28: [29, 30, 44, 43]
29: [16, 17, 31, 44]
30: [30, 16, 44]
31: [32, 33, 46, 45]
32: [33, 34, 47, 46]
33: [34, 35, 48, 47]
34: [35, 36, 49, 48]
35: [36, 37, 50, 49]
36: [37, 38, 51, 50]
37: [38, 39, 52, 51]
38: [39, 40, 53, 52]
39: [40, 41, 54, 53]
40: [41, 42, 55, 54]
41: [42, 43, 56, 55]
42: [43, 44, 57, 56]
43: [31, 32, 45, 57]
44: [44, 31, 57]
45: [46, 47, 59, 58]
46: [47, 48, 60, 59]
47: [48, 49, 61, 60]
48: [49, 50, 62, 61]
49: [50, 51, 63, 62]
50: [51, 52, 64, 63]
51: [52, 53, 65, 64]
52: [53, 54, 66, 65]
53: [54, 55, 67, 66]
54: [55, 56, 68, 67]
55: [56, 57, 69, 68]
56: [45, 46, 58, 69]
57: [57, 45, 69]
58: [59, 60, 71, 70]
59: [60, 61, 72, 71]
60: [61, 62, 73, 72]
61: [62, 63, 74, 73]
62: [63, 64, 75, 74]
63: [64, 65, 76, 75]
64: [65, 66, 77, 76]
65: [66, 67, 78, 77]
66: [67, 68, 79, 78]
67: [68, 69, 80, 79]
68: [58, 59, 70, 80]
69: [69, 58, 80]
70: [71, 72, 82, 81]
71: [72, 73, 83, 82]
72: [73, 74, 84, 83]
73: [74, 75, 85, 84]
74: [75, 76, 86, 85]
75: [76, 77, 87, 86]
76: [77, 78, 88, 87]
77: [78, 79, 89, 88]
78: [79, 80, 90, 89]
79: [70, 71, 81, 90]
80: [80, 70, 90]
81: [82, 83, 92, 91]
82: [83, 84, 93, 92]
83: [84, 85, 94, 93]
84: [85, 86, 95, 94]
85: [86, 87, 96, 95]
86: [87, 88, 97, 96]
87: [88, 89, 98, 97]
88: [89, 90, 99, 98]
89: [81, 82, 91, 99]
90: [90, 81, 99]
91: [92, 93, 101, 100]
92: [93, 94, 102, 101]
93: [94, 95, 103, 102]
94: [95, 96, 104, 103]
95: [96, 97, 105, 104]
96: [97, 98, 106, 105]
97: [98, 99, 107, 106]
98: [91, 92, 100, 107]
99: [99, 91, 107]
100: [101, 102, 109, 108]
101: [102, 103, 110, 109]
102: [103, 104, 111, 110]
103: [104, 105, 112, 111]
104: [105, 106, 113, 112]
105: [106, 107, 114, 113]
106: [100, 101, 108, 114]
107: [107, 100, 114]
108: [113, 114, 115]
109: [112, 113, 115]
110: [111, 112, 115]
111: [110, 111, 115]
112: [109, 110, 115]
113: [108, 109, 115]
114: [114, 108, 115]
115: [116, 117, 118]
116: [119, 120, 121]
117: [122, 123, 124]
118: [125, 126, 127]
119: [128, 129, 130]
120: [131, 132, 133]
121: [134, 135, 136]
122: [137, 138, 139]
123: [141, 142, 153, 152]
124: [142, 143, 154, 153]
125: [143, 144, 155, 154]
126: [144, 145, 156, 155]
127: [145, 146, 157, 156]
128: [146, 147, 158, 157]
129: [147, 148, 159, 158]
130: [148, 149, 160, 159]
131: [149, 150, 161, 160]
132: [150, 151, 162, 161]
133: [140, 141, 152, 162]
134: [151, 140, 162]
135: [153, 154, 164, 163]
136: [154, 155, 165, 164]
137: [155, 156, 166, 165]
138: [156, 157, 167, 166]
139: [157, 158, 168, 167]
140: [158, 159, 169, 168]
141: [159, 160, 170, 169]
142: [160, 161, 171, 170]
143: [161, 162, 172, 171]
144: [152, 153, 163, 172]
145: [162, 152, 172]
146: [164, 165, 174, 173]
147: [165, 166, 175, 174]
148: [166, 167, 176, 175]
149: [167, 168, 177, 176]
150: [168, 169, 178, 177]
151: [169, 170, 179, 178]
152: [170, 171, 180, 179]
153: [171, 172, 181, 180]
154: [163, 164, 173, 181]
155: [172, 163, 181]
156: [174, 175, 183, 182]
157: [175, 176, 184, 183]
158: [176, 177, 185, 184]
159: [177, 178, 186, 185]
160: [178, 179, 187, 186]
161: [179, 180, 188, 187]
162: [180, 181, 189, 188]
163: [173, 174, 182, 189]
164: [181, 173, 189]
165: [183, 184, 191, 190]
166: [184, 185, 192, 191]
167: [185, 186, 193, 192]
168: [186, 187, 194, 193]
169: [187, 188, 195, 194]
170: [188, 189, 196, 195]
171: [182, 183, 190, 196]
172: [189, 182, 196]
173: [191, 192, 198, 197]
174: [192, 193, 199, 198]
175: [193, 194, 200, 199]
176: [194, 195, 201, 200]
177: [195, 196, 202, 201]
178: [190, 191, 197, 202]
179: [196, 190, 202]
180: [201, 202, 203]
181: [200, 201, 203]
182: [199, 200, 203]
183: [198, 199, 203]
184: [197, 198, 203]
185: [202, 197, 203]
186: [204, 205, 206]
187: [207, 208, 209]
188: [210, 211, 212]
189: [213, 214, 217, 216]
190: [214, 215, 218, 217]
191: [215, 213, 216, 218]
192: [216, 217, 220, 219]
193: [217, 218, 221, 220]
194: [218, 216, 219, 221]
195: [219, 220, 223, 222]
196: [220, 221, 224, 223]
197: [221, 219, 222, 224]
198: [222, 223, 226, 225]
199: [223, 224, 227, 226]
200: [224, 222, 225, 227]
201: [226, 227, 228]
202: [225, 226, 228]
203: [227, 225, 228]
204: [229, 230, 231]
205: [232, 233, 234]
206: [236, 237, 248, 247]
207: [237, 238, 249, 248]
208: [238, 239, 250, 249]
209: [239, 240, 251, 250]
210: [240, 241, 252, 251]
211: [241, 242, 253, 252]
212: [242, 243, 254, 253]
213: [243, 244, 255, 254]
214: [244, 245, 256, 255]
215: [245, 246, 257, 256]
216: [235, 236, 247, 257]
217: [246, 235, 257]
218: [248, 249, 259, 258]
219: [249, 250, 260, 259]
220: [250, 251, 261, 260]
221: [251, 252, 262, 261]
222: [252, 253, 263, 262]
223: [253, 254, 264, 263]
224: [254, 255, 265, 264]
225: [255, 256, 266, 265]
226: [256, 257, 267, 266]
227: [247, 248, 258, 267]
228: [257, 247, 267]
229: [259, 260, 269, 268]
230: [260, 261, 270, 269]
231: [261, 262, 271, 270]
232: [262, 263, 272, 271]
233: [263, 264, 273, 272]
234: [264, 265, 274, 273]
235: [265, 266, 275, 274]
236: [266, 267, 276, 275]
237: [258, 259, 268, 276]
238: [267, 258, 276]
239: [269, 270, 278, 277]
240: [270, 271, 279, 278]
241: [271, 272, 280, 279]
242: [272, 273, 281, 280]
243: [273, 274, 282, 281]
244: [274, 275, 283, 282]
245: [275, 276, 284, 283]
246: [268, 269, 277, 284]
247: [276, 268, 284]
248: [278, 279, 286, 285]
249: [279, 280, 287, 286]
250: [280, 281, 288, 287]
251: [281, 282, 289, 288]
252: [282, 283, 290, 289]
253: [283, 284, 291, 290]
254: [277, 278, 285, 291]
255: [284, 277, 291]
256: [286, 287, 293, 292]
257: [287, 288, 294, 293]
258: [288, 289, 295, 294]
259: [289, 290, 296, 295]
260: [290, 291, 297, 296]
261: [285, 286, 292, 297]
262: [291, 285, 297]
263: [293, 294, 299, 298]
264: [294, 295, 300, 299]
265: [295, 296, 301, 300]
266: [296, 297, 302, 301]
267: [292, 293, 298, 302]
268: [297, 292, 302]
269: [299, 300, 304, 303]
270: [300, 301, 305, 304]
271: [301, 302, 306, 305]
272: [298, 299, 303, 306]
273: [302, 298, 306]
274: [304, 305, 308, 307]
275: [305, 306, 309, 308]
276: [303, 304, 307, 309]
277: [306, 303, 309]
278: [307, 308, 311, 310]
279: [308, 309, 312, 311]
280: [309, 307, 310, 312]
281: [310, 311, 314, 313]
282: [311, 312, 315, 314]
283: [312, 310, 313, 315]
284: [313, 314, 317, 316]
285: [314, 315, 318, 317]
286: [315, 313, 316, 318]
287: [316, 317, 320, 319]
288: [317, 318, 321, 320]
289: [318, 316, 319, 321]
290: [320, 321, 322]
291: [319, 320, 322]
292: [321, 319, 322]
293: [323, 324, 325]
294: [326, 327, 328]
295: [329, 330, 331]
296: [332, 333, 334]
297: [335, 336, 337]
298: [338, 339, 340]
299: [341, 342, 343]
300: [344, 345, 348, 347]
301: [345, 346, 349, 348]
302: [346, 344, 347, 349]
303: [347, 348, 351, 350]
304: [348, 349, 352, 351]
305: [349, 347, 350, 352]
306: [350, 351, 354, 353]
307: [351, 352, 355, 354]
308: [352, 350, 353, 355]
309: [353, 354, 357, 356]
310: [354, 355, 358, 357]
311: [355, 353, 356, 358]
312: [356, 357, 360, 359]
313: [357, 358, 361, 360]
314: [358, 356, 359, 361]
315: [359, 360, 363, 362]
316: [360, 361, 364, 363]
317: [361, 359, 362, 364]
318: [362, 363, 366, 365]
319: [363, 364, 367, 366]
320: [364, 362, 365, 367]
321: [366, 367, 368]
322: [365, 366, 368]
323: [367, 365, 368]
324: [369, 370, 371]
325: [372, 373, 374]
326: [375, 376, 377]
327: [378, 379, 380]
328: [381, 382, 385, 384]
329: [382, 383, 386, 385]
330: [383, 381, 384, 386]
331: [384, 385, 388, 387]
332: [385, 386, 389, 388]
333: [386, 384, 387, 389]
334: [387, 388, 391, 390]
335: [388, 389, 392, 391]
336: [389, 387, 390, 392]
337: [390, 391, 394, 393]
338: [391, 392, 395, 394]
339: [392, 390, 393, 395]
340: [393, 394, 397, 396]
341: [394, 395, 398, 397]
342: [395, 393, 396, 398]
343: [397, 398, 399]
344: [396, 397, 399]
345: [398, 396, 399]
346: [400, 401, 402]
347: [403, 404, 405]
348: [406, 407, 408]
349: [409, 410, 413, 412]
350: [410, 411, 414, 413]
351: [411, 409, 412, 414]
352: [412, 413, 416, 415]
353: [413, 414, 417, 416]
354: [414, 412, 415, 417]
355: [415, 416, 419, 418]
356: [416, 417, 420, 419]
357: [417, 415, 418, 420]
358: [418, 419, 422, 421]
359: [419, 420, 423, 422]
360: [420, 418, 421, 423]
361: [421, 422, 425, 424]
362: [422, 423, 426, 425]
363: [423, 421, 424, 426]
364: [424, 425, 428, 427]
365: [425, 426, 429, 428]
366: [426, 424, 427, 429]
367: [427, 428, 431, 430]
368: [428, 429, 432, 431]
369: [429, 427, 430, 432]
370: [431, 432, 433]
371: [430, 431, 433]
372: [432, 430, 433]
373: [434, 435, 436]
374: [437, 438, 439]
375: [440, 441, 442]
376: [443, 444, 445]
377: [446, 447, 450, 449]
378: [447, 448, 451, 450]
379: [448, 446, 449, 451]
380: [449, 450, 453, 452]
381: [450, 451, 454, 453]
382: [451, 449, 452, 454]
383: [452, 453, 456, 455]
384: [453, 454, 457, 456]
385: [454, 452, 455, 457]
386: [455, 456, 459, 458]
387: [456, 457, 460, 459]
388: [457, 455, 458, 460]
389: [459, 460, 461]
390: [458, 459, 461]
391: [460, 458, 461]
392: [462, 463, 464]
393: [465, 466, 467]
394: [468, 469, 472, 471]
395: [469, 470, 473, 472]
396: [470, 468, 471, 473]
397: [471, 472, 475, 474]
398: [472, 473, 476, 475]
399: [473, 471, 474, 476]
400: [474, 475, 478, 477]
401: [475, 476, 479, 478]
402: [476, 474, 477, 479]
403: [477, 478, 481, 480]
404: [478, 479, 482, 481]
405: [479, 477, 480, 482]
406: [480, 481, 484, 483]
407: [481, 482, 485, 484]
408: [482, 480, 483, 485]
409: [483, 484, 487, 486]
410: [484, 485, 488, 487]
411: [485, 483, 486, 488]
412: [487, 488, 489]
413: [486, 487, 489]
414: [488, 486, 489]
415: [490, 491, 492]
416: [493, 494, 495]
417: [496, 497, 498]
418: [499, 500, 503, 502]
419: [500, 501, 504, 503]
420: [501, 499, 502, 504]
421: [502, 503, 506, 505]
422: [503, 504, 507, 506]
423: [504, 502, 505, 507]
424: [505, 506, 509, 508]
425: [506, 507, 510, 509]
426: [507, 505, 508, 510]
427: [508, 509, 512, 511]
428: [509, 510, 513, 512]
429: [510, 508, 511, 513]
430: [512, 513, 514]
431: [511, 512, 514]
432: [513, 511, 514]
433: [515, 516, 517]
434: [518, 519, 520]
435: [521, 522, 525, 524]
436: [522, 523, 526, 525]
437: [523, 521, 524, 526]
438: [524, 525, 528, 527]
439: [525, 526, 529, 528]
440: [526, 524, 527, 529]
441: [527, 528, 531, 530]
442: [528, 529, 532, 531]
443: [529, 527, 530, 532]
444: [530, 531, 534, 533]
445: [531, 532, 535, 534]
446: [532, 530, 533, 535]
447: [533, 534, 537, 536]
448: [534, 535, 538, 537]
449: [535, 533, 536, 538]
450: [536, 537, 540, 539]
451: [537, 538, 541, 540]
452: [538, 536, 539, 541]
453: [540, 541, 542]
454: [539, 540, 542]
455: [541, 539, 542]
456: [543, 544, 545]
457: [546, 547, 548]
458: [549, 550, 551]
459: [552, 553, 556, 555]
460: [553, 554, 557, 556]
461: [554, 552, 555, 557]
462: [555, 556, 559, 558]
463: [556, 557, 560, 559]
464: [557, 555, 558, 560]
465: [558, 559, 562, 561]
466: [559, 560, 563, 562]
467: [560, 558, 561, 563]
468: [562, 563, 564]
469: [561, 562, 564]
470: [563, 561, 564]
471: [565, 566, 567]
472: [569, 570, 581, 580]
473: [570, 571, 582, 581]
474: [571, 572, 583, 582]
475: [572, 573, 584, 583]
476: [573, 574, 585, 584]
477: [574, 575, 586, 585]
478: [575, 576, 587, 586]
479: [576, 577, 588, 587]
480: [577, 578, 589, 588]
481: [578, 579, 590, 589]
482: [568, 569, 580, 590]
483: [579, 568, 590]
484: [581, 582, 592, 591]
485: [582, 583, 593, 592]
486: [583, 584, 594, 593]
487: [584, 585, 595, 594]
488: [585, 586, 596, 595]
489: [586, 587, 597, 596]
490: [587, 588, 598, 597]
491: [588, 589, 599, 598]
492: [589, 590, 600, 599]
493: [580, 581, 591, 600]
494: [590, 580, 600]
495: [592, 593, 602, 601]
496: [593, 594, 603, 602]
497: [594, 595, 604, 603]
498: [595, 596, 605, 604]
499: [596, 597, 606, 605]
500: [597, 598, 607, 606]
501: [598, 599, 608, 607]
502: [599, 600, 609, 608]
503: [591, 592, 601, 609]
504: [600, 591, 609]
505: [602, 603, 611, 610]
506: [603, 604, 612, 611]
507: [604, 605, 613, 612]
508: [605, 606, 614, 613]
509: [606, 607, 615, 614]
510: [607, 608, 616, 615]
511: [608, 609, 617, 616]
512: [601, 602, 610, 617]
513: [609, 601, 617]
514: [611, 612, 619, 618]
515: [612, 613, 620, 619]
516: [613, 614, 621, 620]
517: [614, 615, 622, 621]
518: [615, 616, 623, 622]
519: [616, 617, 624, 623]
520: [610, 611, 618, 624]
521: [617, 610, 624]
522: [619, 620, 626, 625]
523: [620, 621, 627, 626]
524: [621, 622, 628, 627]
525: [622, 623, 629, 628]
526: [623, 624, 630, 629]
527: [618, 619, 625, 630]
528: [624, 618, 630]
529: [626, 627, 632, 631]
530: [627, 628, 633, 632]
531: [628, 629, 634, 633]
532: [629, 630, 635, 634]
533: [625, 626, 631, 635]
534: [630, 625, 635]
535: [632, 633, 637, 636]
536: [633, 634, 638, 637]
537: [634, 635, 639, 638]
538: [631, 632, 636, 639]
539: [635, 631, 639]
540: [637, 638, 641, 640]
541: [638, 639, 642, 641]
542: [636, 637, 640, 642]
543: [639, 636, 642]
544: [640, 641, 644, 643]
545: [641, 642, 645, 644]
546: [642, 640, 643, 645]
547: [643, 644, 647, 646]
548: [644, 645, 648, 647]
549: [645, 643, 646, 648]
550: [646, 647, 650, 649]
551: [647, 648, 651, 650]
552: [648, 646, 649, 651]
553: [649, 650, 653, 652]
554: [650, 651, 654, 653]
555: [651, 649, 652, 654]
556: [653, 654, 655]
557: [652, 653, 655]
558: [654, 652, 655]
559: [656, 657, 658]
560: [659, 660, 661]
561: [662, 663, 664]
562: [665, 666, 667]
563: [668, 669, 670]
564: [671, 672, 673]
565: [674, 675, 676]
566: [677, 678, 681, 680]
567: [678, 679, 682, 681]
568: [679, 677, 680, 682]
569: [680, 681, 684, 683]
570: [681, 682, 685, 684]
571: [682, 680, 683, 685]
572: [683, 684, 687, 686]
573: [684, 685, 688, 687]
574: [685, 683, 686, 688]
575: [686, 687, 690, 689]
576: [687, 688, 691, 690]
577: [688, 686, 689, 691]
578: [689, 690, 693, 692]
579: [690, 691, 694, 693]
580: [691, 689, 692, 694]
581: [693, 694, 695]
582: [692, 693, 695]
583: [694, 692, 695]
584: [696, 697, 698]
585: [699, 700, 701]
586: [702, 703, 704]
587: [705, 706, 709, 708]
588: [706, 707, 710, 709]
589: [707, 705, 708, 710]
590: [708, 709, 712, 711]
591: [709, 710, 713, 712]
592: [710, 708, 711, 713]
593: [711, 712, 715, 714]
594: [712, 713, 716, 715]
595: [713, 711, 714, 716]
596: [714, 715, 718, 717]
597: [715, 716, 719, 718]
598: [716, 714, 717, 719]
599: [717, 718, 721, 720]
600: [718, 719, 722, 721]
601: [719, 717, 720, 722]
602: [721, 722, 723]
603: [720, 721, 723]
604: [722, 720, 723]
605: [724, 725, 726]
606: [727, 728, 729]
607: [730, 731, 732]
608: [733, 734, 737, 736]
609: [734, 735, 738, 737]
610: [735, 733, 736, 738]
611: [736, 737, 740, 739]
612: [737, 738, 741, 740]
613: [738, 736, 739, 741]
614: [739, 740, 743, 742]
615: [740, 741, 744, 743]
616: [741, 739, 742, 744]
617: [742, 743, 746, 745]
618: [743, 744, 747, 746]
619: [744, 742, 745, 747]
620: [745, 746, 749, 748]
621: [746, 747, 750, 749]
622: [747, 745, 748, 750]
623: [748, 749, 752, 751]
624: [749, 750, 753, 752]
625: [750, 748, 751, 753]
626: [752, 753, 754]
627: [751, 752, 754]
628: [753, 751, 754]
629: [755, 756, 757]
630: [758, 759, 760]
631: [761, 762, 763]
632: [764, 765, 768, 767]
633: [765, 766, 769, 768]
634: [766, 764, 767, 769]
635: [767, 768, 771, 770]
636: [768, 769, 772, 771]
637: [769, 767, 770, 772]
638: [770, 771, 774, 773]
639: [771, 772, 775, 774]
640: [772, 770, 773, 775]
641: [774, 775, 776]
642: [773, 774, 776]
643: [775, 773, 776]
644: [777, 778, 779]
645: [780, 781, 784, 783]
646: [781, 782, 785, 784]
647: [782, 780, 783, 785]
648: [783, 784, 787, 786]
649: [784, 785, 788, 787]
650: [785, 783, 786, 788]
651: [786, 787, 790, 789]
652: [787, 788, 791, 790]
653: [788, 786, 789, 791]
654: [789, 790, 793, 792]
655: [790, 791, 794, 793]
656: [791, 789, 792, 794]
657: [792, 793, 796, 795]
658: [793, 794, 797, 796]
659: [794, 792, 795, 797]
660: [795, 796, 799, 798]
661: [796, 797, 800, 799]
662: [797, 795, 798, 800]
663: [798, 799, 802, 801]
664: [799, 800, 803, 802]
665: [800, 798, 801, 803]
666: [802, 803, 804]
667: [801, 802, 804]
668: [803, 801, 804]
669: [805, 806, 807]
670: [808, 809, 810]
671: [811, 812, 813]
672: [814, 815, 816]
673: [817, 818, 821, 820]
674: [818, 819, 822, 821]
675: [819, 817, 820, 822]
676: [820, 821, 824, 823]
677: [821, 822, 825, 824]
678: [822, 820, 823, 825]
679: [823, 824, 827, 826]
680: [824, 825, 828, 827]
681: [825, 823, 826, 828]
682: [827, 828, 829]
683: [826, 827, 829]
684: [828, 826, 829]
685: [830, 831, 832]
686: [834, 835, 846, 845]
687: [835, 836, 847, 846]
688: [836, 837, 848, 847]
689: [837, 838, 849, 848]
690: [838, 839, 850, 849]
691: [839, 840, 851, 850]
692: [840, 841, 852, 851]
693: [841, 842, 853, 852]
694: [842, 843, 854, 853]
695: [843, 844, 855, 854]
696: [833, 834, 845, 855]
697: [844, 833, 855]
698: [846, 847, 857, 856]
699: [847, 848, 858, 857]
700: [848, 849, 859, 858]
701: [849, 850, 860, 859]
702: [850, 851, 861, 860]
703: [851, 852, 862, 861]
704: [852, 853, 863, 862]
705: [853, 854, 864, 863]
706: [854, 855, 865, 864]
707: [845, 846, 856, 865]
708: [855, 845, 865]
709: [857, 858, 867, 866]
710: [858, 859, 868, 867]
711: [859, 860, 869, 868]
712: [860, 861, 870, 869]
713: [861, 862, 871, 870]
714: [862, 863, 872, 871]
715: [863, 864, 873, 872]
716: [864, 865, 874, 873]
717: [856, 857, 866, 874]
718: [865, 856, 874]
719: [867, 868, 876, 875]
720: [868, 869, 877, 876]
721: [869, 870, 878, 877]
722: [870, 871, 879, 878]
723: [871, 872, 880, 879]
724: [872, 873, 881, 880]
725: [873, 874, 882, 881]
726: [866, 867, 875, 882]
727: [874, 866, 882]
728: [876, 877, 884, 883]
729: [877, 878, 885, 884]
730: [878, 879, 886, 885]
731: [879, 880, 887, 886]
732: [880, 881, 888, 887]
733: [881, 882, 889, 888]
734: [875, 876, 883, 889]
735: [882, 875, 889]
736: [884, 885, 891, 890]
737: [885, 886, 892, 891]
738: [886, 887, 893, 892]
739: [887, 888, 894, 893]
740: [888, 889, 895, 894]
741: [883, 884, 890, 895]
742: [889, 883, 895]
743: [891, 892, 897, 896]
744: [892, 893, 898, 897]
745: [893, 894, 899, 898]
746: [894, 895, 900, 899]
747: [890, 891, 896, 900]
748: [895, 890, 900]
749: [897, 898, 902, 901]
750: [898, 899, 903, 902]
751: [899, 900, 904, 903]
752: [896, 897, 901, 904]
753: [900, 896, 904]
754: [903, 904, 905]
755: [902, 903, 905]
756: [901, 902, 905]
757: [904, 901, 905]
758: [906, 907, 908]
759: [909, 910, 911]
760: [912, 913, 914]
761: [915, 916, 917]
762: [918, 919, 922, 921]
763: [919, 920, 923, 922]
764: [920, 918, 921, 923]
765: [921, 922, 925, 924]
766: [922, 923, 926, 925]
767: [923, 921, 924, 926]
768: [924, 925, 928, 927]
769: [925, 926, 929, 928]
770: [926, 924, 927, 929]
771: [927, 928, 931, 930]
772: [928, 929, 932, 931]
773: [929, 927, 930, 932]
774: [931, 932, 933]
775: [930, 931, 933]
776: [932, 930, 933]
777: [934, 935, 936]
778: [937, 938, 939]
779: [940, 941, 944, 943]
780: [941, 942, 945, 944]
781: [942, 940, 943, 945]
782: [943, 944, 947, 946]
783: [944, 945, 948, 947]
784: [945, 943, 946, 948]
785: [946, 947, 950, 949]
786: [947, 948, 951, 950]
787: [948, 946, 949, 951]
788: [949, 950, 953, 952]
789: [950, 951, 954, 953]
790: [951, 949, 952, 954]
791: [953, 954, 955]
792: [952, 953, 955]
793: [954, 952, 955]
794: [956, 957, 958]
795: [959, 960, 961]
796: [963, 964, 975, 974]
797: [964, 965, 976, 975]
798: [965, 966, 977, 976]
799: [966, 967, 978, 977]
800: [967, 968, 979, 978]
801: [968, 969, 980, 979]
802: [969, 970, 981, 980]
803: [970, 971, 982, 981]
804: [971, 972, 983, 982]
805: [972, 973, 984, 983]
806: [962, 963, 974, 984]
807: [973, 962, 984]
808: [975, 976, 986, 985]
809: [976, 977, 987, 986]
810: [977, 978, 988, 987]
811: [978, 979, 989, 988]
812: [979, 980, 990, 989]
813: [980, 981, 991, 990]
814: [981, 982, 992, 991]
815: [982, 983, 993, 992]
816: [983, 984, 994, 993]
817: [974, 975, 985, 994]
818: [984, 974, 994]
819: [986, 987, 996, 995]
820: [987, 988, 997, 996]
821: [988, 989, 998, 997]
822: [989, 990, 999, 998]
823: [990, 991, 1000, 999]
824: [991, 992, 1001, 1000]
825: [992, 993, 1002, 1001]
826: [993, 994, 1003, 1002]
827: [985, 986, 995, 1003]
828: [994, 985, 1003]
829: [996, 997, 1005, 1004]
830: [997, 998, 1006, 1005]
831: [998, 999, 1007, 1006]
832: [999, 1000, 1008, 1007]
833: [1000, 1001, 1009, 1008]
834: [1001, 1002, 1010, 1009]
835: [1002, 1003, 1011, 1010]
836: [995, 996, 1004, 1011]
837: [1003, 995, 1011]
838: [1005, 1006, 1013, 1012]
839: [1006, 1007, 1014, 1013]
840: [1007, 1008, 1015, 1014]
841: [1008, 1009, 1016, 1015]
842: [1009, 1010, 1017, 1016]
843: [1010, 1011, 1018, 1017]
844: [1004, 1005, 1012, 1018]
845: [1011, 1004, 1018]
846: [1013, 1014, 1020, 1019]
847: [1014, 1015, 1021, 1020]
848: [1015, 1016, 1022, 1021]
849: [1016, 1017, 1023, 1022]
850: [1017, 1018, 1024, 1023]
851: [1012, 1013, 1019, 1024]
852: [1018, 1012, 1024]
853: [1023, 1024, 1025]
854: [1022, 1023, 1025]
855: [1021, 1022, 1025]
856: [1020, 1021, 1025]
857: [1019, 1020, 1025]
858: [1024, 1019, 1025]
859: [1026, 1027, 1028]
860: [1029, 1030, 1031]
861: [1032, 1033, 1034]
862: [1035, 1036, 1039, 1038]
863: [1036, 1037, 1040, 1039]
864: [1037, 1035, 1038, 1040]
865: [1038, 1039, 1042, 1041]
866: [1039, 1040, 1043, 1042]
867: [1040, 1038, 1041, 1043]
868: [1041, 1042, 1045, 1044]
869: [1042, 1043, 1046, 1045]
870: [1043, 1041, 1044, 1046]
871: [1044, 1045, 1048, 1047]
872: [1045, 1046, 1049, 1048]
873: [1046, 1044, 1047, 1049]
874: [1048, 1049, 1050]
875: [1047, 1048, 1050]
876: [1049, 1047, 1050]
877: [1051, 1052, 1053]
878: [1054, 1055, 1056]
