# Skeleton Data

## Points
0: (1.0, 2.0, 0.0)
1: (0.9903749174458771, 1.9980113916711935, 0.9999517004449469)
2: (0.9873738079901847, 1.9952259019567844, 1.0748398462965159)
3: (0.9780197476770195, 1.996478447504973, 1.149243694888557)
4: (0.9683922360533518, 1.988495737563529, 1.2231935925350508)
5: (0.9599522983450504, 1.9769080074823264, 1.296810791361447)
6: (0.9475231230971235, 1.9640943318728314, 1.3692691652393567)
7: (0.9395127312781534, 1.9572343776048766, 1.4431451780943299)
8: (0.935840018779128, 1.9494785585591776, 1.5172751253412413)
9: (0.934779457909779, 1.9519925653545143, 1.591850225780164)
10: (0.9796224486087952, 2.053530953080894, 1.0394290355930778)
11: (0.9713017210346959, 2.1026134747319083, 1.0871592025384293)
12: (0.960236534036272, 2.156388954006313, 1.1300180635300376)
13: (0.9233809635501157, 2.0016592172872794, 1.101572800011501)
14: (0.8595423683748242, 2.0160899117703406, 1.1253952961607672)
15: (0.7978153242617916, 2.0236955808408186, 1.1567488975975735)
16: (1.0342189929848498, 1.9947665281448537, 1.1903513177696574)
17: (1.0892426886752047, 1.9888624191172053, 1.2326438337643917)
18: (1.138302990887525, 1.9839198269125573, 1.2818350934467209)
19: (0.9084422213173368, 2.0058336029246515, 1.2541211960288745)
20: (0.8453871452456506, 2.0139957143056795, 1.2825563823197634)
21: (0.7809230705963586, 2.016374135210072, 1.3088213531671118)
22: (0.9831926410148863, 1.9194664373912382, 1.3278359969547588)
23: (1.0101027098313877, 1.8666687127621722, 1.3637589611188214)
24: (1.035806972195949, 1.8166669236363988, 1.40487142249631)

## Poly Lines
0: [0, 1, 2, 3, 4, 5, 6, 7, 8, 9]
1: [1, 10, 11, 12]
2: [2, 13, 14, 15]
3: [3, 16, 17, 18]
4: [4, 19, 20, 21]
5: [5, 22, 23, 24]

## Location
(0.0000, 0.0000, 0.0000)

## Branch ID
[1, 2, 3, 4, 5, 6]

## Point Age
[2, 2, 1, 1, 1, 1, 0, 0, 0, 0, 0, 0, 0, 0, 0, 0, 0, 0, 0, 0, 0, 0, 0, 0, 0]

## Point Mass
[78.40788714084118, 30.149587693477304, 24.636314976715017, 19.345447664031724, 14.33097115080071, 9.559663257804075, 4.799229740183211, 3.8661531601221406, 2.93307658006107, 2.0, 3.2132453072692453, 2.6096100323065663, 2.0, 3.2192200646131326, 2.6096100323065663, 2.0, 3.2192200646131326, 2.6096100323065663, 2.0, 3.2192200646131326, 2.6096100323065663, 2.0, 3.216139071415438, 2.6096100323065663, 2.0]

## Point Radius
[0.003919323130913511, 0.0026832278751917123, 0.00249099953096791, 0.0022432208267883454, 0.002, 0.002, 0.001994993734326, 0.001994993734326, 0.001994993734326, 0.001994993734326, 0.0016691315106965058, 0.0016691315106965058, 0.0016691315106965058, 0.0016691315106965058, 0.0016691315106965058, 0.0016691315106965058, 0.0016691315106965058, 0.0016691315106965058, 0.0016691315106965058, 0.0016691315106965058, 0.0016691315106965058, 0.0016691315106965058, 0.0016691315106965058, 0.0016691315106965058, 0.0016691315106965058]
