# Face definitions (point indices)
0: [16, 17, 1]
1: [16, 1, 0]
2: [17, 18, 2]
3: [17, 2, 1]
4: [18, 19, 3]
5: [18, 3, 2]
6: [19, 20, 4]
7: [19, 4, 3]
8: [20, 21, 5]
9: [20, 5, 4]
10: [21, 22, 6]
11: [21, 6, 5]
12: [22, 23, 7]
13: [22, 7, 6]
14: [23, 24, 8]
15: [23, 8, 7]
16: [24, 25, 9]
17: [24, 9, 8]
18: [25, 26, 10]
19: [25, 10, 9]
20: [26, 27, 11]
21: [26, 11, 10]
22: [27, 28, 12]
23: [27, 12, 11]
24: [28, 29, 13]
25: [28, 13, 12]
26: [29, 30, 14]
27: [29, 14, 13]
28: [30, 31, 15]
29: [30, 15, 14]
30: [31, 16, 0]
31: [31, 0, 15]
32: [32, 33, 17]
33: [32, 17, 16]
34: [33, 34, 18]
35: [33, 18, 17]
36: [34, 35, 19]
37: [34, 19, 18]
38: [35, 36, 20]
39: [35, 20, 19]
40: [36, 37, 21]
41: [36, 21, 20]
42: [37, 38, 22]
43: [37, 22, 21]
44: [38, 39, 23]
45: [38, 23, 22]
46: [39, 40, 24]
47: [39, 24, 23]
48: [40, 41, 25]
49: [40, 25, 24]
50: [41, 42, 26]
51: [41, 26, 25]
52: [42, 43, 27]
53: [42, 27, 26]
54: [43, 44, 28]
55: [43, 28, 27]
56: [44, 45, 29]
57: [44, 29, 28]
58: [45, 46, 30]
59: [45, 30, 29]
60: [46, 47, 31]
61: [46, 31, 30]
62: [47, 32, 16]
63: [47, 16, 31]
64: [48, 49, 34]
65: [48, 34, 33]
66: [49, 50, 35]
67: [49, 35, 34]
68: [50, 51, 36]
69: [50, 36, 35]
70: [51, 52, 37]
71: [51, 37, 36]
72: [52, 53, 38]
73: [52, 38, 37]
74: [53, 54, 39]
75: [53, 39, 38]
76: [54, 55, 40]
77: [54, 40, 39]
78: [55, 56, 41]
79: [55, 41, 40]
80: [56, 57, 42]
81: [56, 42, 41]
82: [57, 58, 43]
83: [57, 43, 42]
84: [58, 59, 44]
85: [58, 44, 43]
86: [59, 60, 45]
87: [59, 45, 44]
88: [60, 61, 46]
89: [60, 46, 45]
90: [61, 62, 47]
91: [61, 47, 46]
92: [62, 48, 33]
93: [62, 33, 32]
94: [62, 32, 47]
95: [63, 64, 50]
96: [63, 50, 49]
97: [64, 65, 51]
98: [64, 51, 50]
99: [65, 66, 52]
100: [65, 52, 51]
101: [66, 67, 53]
102: [66, 53, 52]
103: [67, 68, 54]
104: [67, 54, 53]
105: [68, 69, 55]
106: [68, 55, 54]
107: [69, 70, 56]
108: [69, 56, 55]
109: [70, 71, 57]
110: [70, 57, 56]
111: [71, 72, 58]
112: [71, 58, 57]
113: [72, 73, 59]
114: [72, 59, 58]
115: [73, 74, 60]
116: [73, 60, 59]
117: [74, 75, 61]
118: [74, 61, 60]
119: [75, 76, 62]
120: [75, 62, 61]
121: [76, 63, 49]
122: [76, 49, 48]
123: [76, 48, 62]
124: [77, 78, 65]
125: [77, 65, 64]
126: [78, 79, 66]
127: [78, 66, 65]
128: [79, 80, 67]
129: [79, 67, 66]
130: [80, 81, 68]
131: [80, 68, 67]
132: [81, 82, 69]
133: [81, 69, 68]
134: [82, 83, 70]
135: [82, 70, 69]
136: [83, 84, 71]
137: [83, 71, 70]
138: [84, 85, 72]
139: [84, 72, 71]
140: [85, 86, 73]
141: [85, 73, 72]
142: [86, 87, 74]
143: [86, 74, 73]
144: [87, 88, 75]
145: [87, 75, 74]
146: [88, 89, 76]
147: [88, 76, 75]
148: [89, 77, 64]
149: [89, 64, 63]
150: [89, 63, 76]
151: [90, 91, 79]
152: [90, 79, 78]
153: [91, 92, 80]
154: [91, 80, 79]
155: [92, 93, 81]
156: [92, 81, 80]
157: [93, 94, 82]
158: [93, 82, 81]
159: [94, 95, 83]
160: [94, 83, 82]
161: [95, 96, 84]
162: [95, 84, 83]
163: [96, 97, 85]
164: [96, 85, 84]
165: [97, 98, 86]
166: [97, 86, 85]
167: [98, 99, 87]
168: [98, 87, 86]
169: [99, 100, 88]
170: [99, 88, 87]
171: [100, 101, 89]
172: [100, 89, 88]
173: [101, 90, 78]
174: [101, 78, 77]
175: [101, 77, 89]
176: [102, 103, 92]
177: [102, 92, 91]
178: [103, 104, 93]
179: [103, 93, 92]
180: [104, 105, 94]
181: [104, 94, 93]
182: [105, 106, 95]
183: [105, 95, 94]
184: [106, 107, 96]
185: [106, 96, 95]
186: [107, 108, 97]
187: [107, 97, 96]
188: [108, 109, 98]
189: [108, 98, 97]
190: [109, 110, 99]
191: [109, 99, 98]
192: [110, 111, 100]
193: [110, 100, 99]
194: [111, 112, 101]
195: [111, 101, 100]
196: [112, 102, 91]
197: [112, 91, 90]
198: [112, 90, 101]
199: [113, 114, 104]
200: [113, 104, 103]
201: [114, 115, 105]
202: [114, 105, 104]
203: [115, 116, 106]
204: [115, 106, 105]
205: [116, 117, 107]
206: [116, 107, 106]
207: [117, 118, 108]
208: [117, 108, 107]
209: [118, 119, 109]
210: [118, 109, 108]
211: [119, 120, 110]
212: [119, 110, 109]
213: [120, 121, 111]
214: [120, 111, 110]
215: [121, 122, 112]
216: [121, 112, 111]
217: [122, 113, 103]
218: [122, 103, 102]
219: [122, 102, 112]
220: [123, 124, 115]
221: [123, 115, 114]
222: [124, 125, 116]
223: [124, 116, 115]
224: [125, 126, 117]
225: [125, 117, 116]
226: [126, 127, 118]
227: [126, 118, 117]
228: [127, 128, 119]
229: [127, 119, 118]
230: [128, 129, 120]
231: [128, 120, 119]
232: [129, 130, 121]
233: [129, 121, 120]
234: [130, 131, 122]
235: [130, 122, 121]
236: [131, 123, 114]
237: [131, 114, 113]
238: [131, 113, 122]
239: [132, 133, 124]
240: [132, 124, 123]
241: [133, 134, 125]
242: [133, 125, 124]
243: [134, 135, 126]
244: [134, 126, 125]
245: [135, 136, 127]
246: [135, 127, 126]
247: [136, 137, 128]
248: [136, 128, 127]
249: [137, 138, 129]
250: [137, 129, 128]
251: [138, 139, 130]
252: [138, 130, 129]
253: [139, 140, 131]
254: [139, 131, 130]
255: [140, 132, 123]
256: [140, 123, 131]
257: [141, 142, 133]
258: [141, 133, 132]
259: [142, 143, 134]
260: [142, 134, 133]
261: [143, 144, 135]
262: [143, 135, 134]
263: [144, 145, 136]
264: [144, 136, 135]
265: [145, 146, 137]
266: [145, 137, 136]
267: [146, 147, 138]
268: [146, 138, 137]
269: [147, 148, 139]
270: [147, 139, 138]
271: [148, 149, 140]
272: [148, 140, 139]
273: [149, 141, 132]
274: [149, 132, 140]
275: [150, 149, 148]
276: [150, 148, 147]
277: [150, 147, 146]
278: [150, 146, 145]
279: [150, 145, 144]
280: [150, 144, 143]
281: [150, 143, 142]
282: [150, 142, 141]
283: [150, 141, 149]
284: [153, 152, 151]
285: [156, 155, 154]
286: [159, 158, 157]
287: [162, 161, 160]
288: [171, 172, 164]
289: [171, 164, 163]
290: [172, 173, 165]
291: [172, 165, 164]
292: [173, 174, 166]
293: [173, 166, 165]
294: [174, 175, 167]
295: [174, 167, 166]
296: [175, 176, 168]
297: [175, 168, 167]
298: [176, 177, 169]
299: [176, 169, 168]
300: [177, 178, 170]
301: [177, 170, 169]
302: [178, 171, 163]
303: [178, 163, 170]
304: [179, 180, 172]
305: [179, 172, 171]
306: [180, 181, 173]
307: [180, 173, 172]
308: [181, 182, 174]
309: [181, 174, 173]
310: [182, 183, 175]
311: [182, 175, 174]
312: [183, 184, 176]
313: [183, 176, 175]
314: [184, 185, 177]
315: [184, 177, 176]
316: [185, 186, 178]
317: [185, 178, 177]
318: [186, 179, 171]
319: [186, 171, 178]
320: [187, 188, 180]
321: [187, 180, 179]
322: [188, 189, 181]
323: [188, 181, 180]
324: [189, 190, 182]
325: [189, 182, 181]
326: [190, 191, 183]
327: [190, 183, 182]
328: [191, 192, 184]
329: [191, 184, 183]
330: [192, 193, 185]
331: [192, 185, 184]
332: [193, 194, 186]
333: [193, 186, 185]
334: [194, 187, 179]
335: [194, 179, 186]
336: [195, 196, 188]
337: [195, 188, 187]
338: [196, 197, 189]
339: [196, 189, 188]
340: [197, 198, 190]
341: [197, 190, 189]
342: [198, 199, 191]
343: [198, 191, 190]
344: [199, 200, 192]
345: [199, 192, 191]
346: [200, 201, 193]
347: [200, 193, 192]
348: [201, 202, 194]
349: [201, 194, 193]
350: [202, 195, 187]
351: [202, 187, 194]
352: [203, 204, 196]
353: [203, 196, 195]
354: [204, 205, 197]
355: [204, 197, 196]
356: [205, 206, 198]
357: [205, 198, 197]
358: [206, 207, 199]
359: [206, 199, 198]
360: [207, 208, 200]
361: [207, 200, 199]
362: [208, 209, 201]
363: [208, 201, 200]
364: [209, 210, 202]
365: [209, 202, 201]
366: [210, 203, 195]
367: [210, 195, 202]
368: [211, 210, 209]
369: [211, 209, 208]
370: [211, 208, 207]
371: [211, 207, 206]
372: [211, 206, 205]
373: [211, 205, 204]
374: [211, 204, 203]
375: [211, 203, 210]
376: [214, 213, 212]
377: [217, 216, 215]
378: [220, 219, 218]
379: [229, 230, 222]
380: [229, 222, 221]
381: [230, 231, 223]
382: [230, 223, 222]
383: [231, 232, 224]
384: [231, 224, 223]
385: [232, 233, 225]
386: [232, 225, 224]
387: [233, 234, 226]
388: [233, 226, 225]
389: [234, 235, 227]
390: [234, 227, 226]
391: [235, 236, 228]
392: [235, 228, 227]
393: [236, 229, 221]
394: [236, 221, 228]
395: [237, 238, 230]
396: [237, 230, 229]
397: [238, 239, 231]
398: [238, 231, 230]
399: [239, 240, 232]
400: [239, 232, 231]
401: [240, 241, 233]
402: [240, 233, 232]
403: [241, 242, 234]
404: [241, 234, 233]
405: [242, 243, 235]
406: [242, 235, 234]
407: [243, 244, 236]
408: [243, 236, 235]
409: [244, 237, 229]
410: [244, 229, 236]
411: [245, 246, 238]
412: [245, 238, 237]
413: [246, 247, 239]
414: [246, 239, 238]
415: [247, 248, 240]
416: [247, 240, 239]
417: [248, 249, 241]
418: [248, 241, 240]
419: [249, 250, 242]
420: [249, 242, 241]
421: [250, 251, 243]
422: [250, 243, 242]
423: [251, 252, 244]
424: [251, 244, 243]
425: [252, 245, 237]
426: [252, 237, 244]
427: [253, 254, 246]
428: [253, 246, 245]
429: [254, 255, 247]
430: [254, 247, 246]
431: [255, 256, 248]
432: [255, 248, 247]
433: [256, 257, 249]
434: [256, 249, 248]
435: [257, 258, 250]
436: [257, 250, 249]
437: [258, 259, 251]
438: [258, 251, 250]
439: [259, 260, 252]
440: [259, 252, 251]
441: [260, 253, 245]
442: [260, 245, 252]
443: [261, 262, 254]
444: [261, 254, 253]
445: [262, 263, 255]
446: [262, 255, 254]
447: [263, 264, 256]
448: [263, 256, 255]
449: [264, 265, 257]
450: [264, 257, 256]
451: [265, 266, 258]
452: [265, 258, 257]
453: [266, 267, 259]
454: [266, 259, 258]
455: [267, 268, 260]
456: [267, 260, 259]
457: [268, 261, 253]
458: [268, 253, 260]
459: [269, 268, 267]
460: [269, 267, 266]
461: [269, 266, 265]
462: [269, 265, 264]
463: [269, 264, 263]
464: [269, 263, 262]
465: [269, 262, 261]
466: [269, 261, 268]
467: [272, 271, 270]
468: [275, 274, 273]
469: [278, 277, 276]
470: [287, 288, 280]
471: [287, 280, 279]
472: [288, 289, 281]
473: [288, 281, 280]
474: [289, 290, 282]
475: [289, 282, 281]
476: [290, 291, 283]
477: [290, 283, 282]
478: [291, 292, 284]
479: [291, 284, 283]
480: [292, 293, 285]
481: [292, 285, 284]
482: [293, 294, 286]
483: [293, 286, 285]
484: [294, 287, 279]
485: [294, 279, 286]
486: [295, 296, 288]
487: [295, 288, 287]
488: [296, 297, 289]
489: [296, 289, 288]
490: [297, 298, 290]
491: [297, 290, 289]
492: [298, 299, 291]
493: [298, 291, 290]
494: [299, 300, 292]
495: [299, 292, 291]
496: [300, 301, 293]
497: [300, 293, 292]
498: [301, 302, 294]
499: [301, 294, 293]
500: [302, 295, 287]
501: [302, 287, 294]
502: [303, 304, 296]
503: [303, 296, 295]
504: [304, 305, 297]
505: [304, 297, 296]
506: [305, 306, 298]
507: [305, 298, 297]
508: [306, 307, 299]
509: [306, 299, 298]
510: [307, 308, 300]
511: [307, 300, 299]
512: [308, 309, 301]
513: [308, 301, 300]
514: [309, 310, 302]
515: [309, 302, 301]
516: [310, 303, 295]
517: [310, 295, 302]
518: [311, 312, 304]
519: [311, 304, 303]
520: [312, 313, 305]
521: [312, 305, 304]
522: [313, 314, 306]
523: [313, 306, 305]
524: [314, 315, 307]
525: [314, 307, 306]
526: [315, 316, 308]
527: [315, 308, 307]
528: [316, 317, 309]
529: [316, 309, 308]
530: [317, 318, 310]
531: [317, 310, 309]
532: [318, 311, 303]
533: [318, 303, 310]
534: [319, 320, 312]
535: [319, 312, 311]
536: [320, 321, 313]
537: [320, 313, 312]
538: [321, 322, 314]
539: [321, 314, 313]
540: [322, 323, 315]
541: [322, 315, 314]
542: [323, 324, 316]
543: [323, 316, 315]
544: [324, 325, 317]
545: [324, 317, 316]
546: [325, 326, 318]
547: [325, 318, 317]
548: [326, 319, 311]
549: [326, 311, 318]
550: [327, 326, 325]
551: [327, 325, 324]
552: [327, 324, 323]
553: [327, 323, 322]
554: [327, 322, 321]
555: [327, 321, 320]
556: [327, 320, 319]
557: [327, 319, 326]
558: [330, 329, 328]
559: [333, 332, 331]
560: [336, 335, 334]
561: [345, 346, 338]
562: [345, 338, 337]
563: [346, 347, 339]
564: [346, 339, 338]
565: [347, 348, 340]
566: [347, 340, 339]
567: [348, 349, 341]
568: [348, 341, 340]
569: [349, 350, 342]
570: [349, 342, 341]
571: [350, 351, 343]
572: [350, 343, 342]
573: [351, 352, 344]
574: [351, 344, 343]
575: [352, 345, 337]
576: [352, 337, 344]
577: [353, 354, 346]
578: [353, 346, 345]
579: [354, 355, 347]
580: [354, 347, 346]
581: [355, 356, 348]
582: [355, 348, 347]
583: [356, 357, 349]
584: [356, 349, 348]
585: [357, 358, 350]
586: [357, 350, 349]
587: [358, 359, 351]
588: [358, 351, 350]
589: [359, 360, 352]
590: [359, 352, 351]
591: [360, 353, 345]
592: [360, 345, 352]
593: [361, 362, 354]
594: [361, 354, 353]
595: [362, 363, 355]
596: [362, 355, 354]
597: [363, 364, 356]
598: [363, 356, 355]
599: [364, 365, 357]
600: [364, 357, 356]
601: [365, 366, 358]
602: [365, 358, 357]
603: [366, 367, 359]
604: [366, 359, 358]
605: [367, 368, 360]
606: [367, 360, 359]
607: [368, 361, 353]
608: [368, 353, 360]
609: [369, 370, 362]
610: [369, 362, 361]
611: [370, 371, 363]
612: [370, 363, 362]
613: [371, 372, 364]
614: [371, 364, 363]
615: [372, 373, 365]
616: [372, 365, 364]
617: [373, 374, 366]
618: [373, 366, 365]
619: [374, 375, 367]
620: [374, 367, 366]
621: [375, 376, 368]
622: [375, 368, 367]
623: [376, 369, 361]
624: [376, 361, 368]
625: [377, 378, 370]
626: [377, 370, 369]
627: [378, 379, 371]
628: [378, 371, 370]
629: [379, 380, 372]
630: [379, 372, 371]
631: [380, 381, 373]
632: [380, 373, 372]
633: [381, 382, 374]
634: [381, 374, 373]
635: [382, 383, 375]
636: [382, 375, 374]
637: [383, 384, 376]
638: [383, 376, 375]
639: [384, 377, 369]
640: [384, 369, 376]
641: [385, 384, 383]
642: [385, 383, 382]
643: [385, 382, 381]
644: [385, 381, 380]
645: [385, 380, 379]
646: [385, 379, 378]
647: [385, 378, 377]
648: [385, 377, 384]
649: [388, 387, 386]
650: [391, 390, 389]
651: [394, 393, 392]
652: [403, 404, 396]
653: [403, 396, 395]
654: [404, 405, 397]
655: [404, 397, 396]
656: [405, 406, 398]
657: [405, 398, 397]
658: [406, 407, 399]
659: [406, 399, 398]
660: [407, 408, 400]
661: [407, 400, 399]
662: [408, 409, 401]
663: [408, 401, 400]
664: [409, 410, 402]
665: [409, 402, 401]
666: [410, 403, 395]
667: [410, 395, 402]
668: [411, 412, 404]
669: [411, 404, 403]
670: [412, 413, 405]
671: [412, 405, 404]
672: [413, 414, 406]
673: [413, 406, 405]
674: [414, 415, 407]
675: [414, 407, 406]
676: [415, 416, 408]
677: [415, 408, 407]
678: [416, 417, 409]
679: [416, 409, 408]
680: [417, 418, 410]
681: [417, 410, 409]
682: [418, 411, 403]
683: [418, 403, 410]
684: [419, 420, 412]
685: [419, 412, 411]
686: [420, 421, 413]
687: [420, 413, 412]
688: [421, 422, 414]
689: [421, 414, 413]
690: [422, 423, 415]
691: [422, 415, 414]
692: [423, 424, 416]
693: [423, 416, 415]
694: [424, 425, 417]
695: [424, 417, 416]
696: [425, 426, 418]
697: [425, 418, 417]
698: [426, 419, 411]
699: [426, 411, 418]
700: [427, 428, 420]
701: [427, 420, 419]
702: [428, 429, 421]
703: [428, 421, 420]
704: [429, 430, 422]
705: [429, 422, 421]
706: [430, 431, 423]
707: [430, 423, 422]
708: [431, 432, 424]
709: [431, 424, 423]
710: [432, 433, 425]
711: [432, 425, 424]
712: [433, 434, 426]
713: [433, 426, 425]
714: [434, 427, 419]
715: [434, 419, 426]
716: [435, 436, 428]
717: [435, 428, 427]
718: [436, 437, 429]
719: [436, 429, 428]
720: [437, 438, 430]
721: [437, 430, 429]
722: [438, 439, 431]
723: [438, 431, 430]
724: [439, 440, 432]
725: [439, 432, 431]
726: [440, 441, 433]
727: [440, 433, 432]
728: [441, 442, 434]
729: [441, 434, 433]
730: [442, 435, 427]
731: [442, 427, 434]
732: [443, 442, 441]
733: [443, 441, 440]
734: [443, 440, 439]
735: [443, 439, 438]
736: [443, 438, 437]
737: [443, 437, 436]
738: [443, 436, 435]
739: [443, 435, 442]
740: [446, 445, 444]
741: [449, 448, 447]
742: [452, 451, 450]
