# Point coordinates (x, y, z)
0: -0.001959661565456794, 0.0, -0.007838646261827021
1: -0.0018104912109745408, -0.0007499300141429188, -0.007838646261827021
2: -0.001385689981765137, -0.0013856899817650259, -0.007838646261827021
3: -0.0007499300141429188, -0.0018104912109744298, -0.007838646261827021
4: 0.0, -0.001959661565456683, -0.007838646261827021
5: 0.0007499300141429188, -0.0018104912109744298, -0.007838646261827021
6: 0.0013856899817650259, -0.0013856899817650259, -0.007838646261827021
7: 0.0018104912109744298, -0.0007499300141429188, -0.007838646261827021
8: 0.001959661565456683, 0.0, -0.007838646261827021
9: 0.0018104912109744298, 0.0007499300141429188, -0.007838646261827021
10: 0.0013856899817650259, 0.0013856899817650259, -0.007838646261827021
11: 0.0007499300141429188, 0.0018104912109744298, -0.007838646261827021
12: 0.0, 0.001959661565456905, -0.007838646261827021
13: -0.0007499300141429188, 0.0018104912109744298, -0.007838646261827021
14: -0.001385689981765137, 0.0013856899817650259, -0.007838646261827021
15: -0.0018104912109745408, 0.0007499300141429188, -0.007838646261827021
16: -0.007419001037021977, 0.0, -0.003919323130913511
17: -0.00685426320978455, -0.002839128781567668, -0.003919323130913511
18: -0.005246025942908239, -0.005246025942908128, -0.003919323130913511
19: -0.002839128781567668, -0.00685426320978455, -0.003919323130913511
20: 0.0, -0.007419001037021866, -0.003919323130913511
21: 0.002839128781567668, -0.00685426320978455, -0.003919323130913511
22: 0.005246025942908128, -0.005246025942908128, -0.003919323130913511
23: 0.00685426320978455, -0.002839128781567668, -0.003919323130913511
24: 0.007419001037021866, 0.0, -0.003919323130913511
25: 0.00685426320978455, 0.00283912878156789, -0.003919323130913511
26: 0.005246025942908128, 0.00524602594290835, -0.003919323130913511
27: 0.002839128781567668, 0.006854263209784772, -0.003919323130913511
28: 0.0, 0.007419001037022088, -0.003919323130913511
29: -0.002839128781567668, 0.006854263209784772, -0.003919323130913511
30: -0.005246025942908239, 0.00524602594290835, -0.003919323130913511
31: -0.00685426320978455, 0.00283912878156789, -0.003919323130913511
32: -0.005361387615663404, 5.091360311126891e-08, -5.1404708320378375e-05
33: -0.004908967213645088, -0.002033411648965311, -5.10950837540183e-05
34: -0.003638538516080536, -0.003638698618229741, -4.20942322065804e-05
35: -0.002052802077541771, -0.004956214816014937, -2.9500163696933774e-05
36: 5.0020381836546335e-08, -0.005267559953392453, -1.0434240952774055e-05
37: 0.001978634677509028, -0.004776966133218652, 9.508201006269071e-06
38: 0.0038105900721228103, -0.003810757741661064, 2.8986930349197627e-05
39: 0.004823785851225226, -0.001998203388065667, 4.229197989007152e-05
40: 0.005173268751955895, -4.912716078386836e-08, 4.960103434422475e-05
41: 0.005069536075994474, 0.002099923112772739, 5.276636798000053e-05
42: 0.0035444799774480007, 0.0035446359408544126, 4.100606948720405e-05
43: 0.002080350815694576, 0.005022727543027905, 2.98960578233281e-05
44: -5.002038194756864e-08, 0.005267559953392453, 1.0434240952774079e-05
45: -0.0019510846761507938, 0.004710452882969118, -9.37581125609766e-06
46: -0.003904650397197562, 0.0039048222054782755, -2.970244160597487e-05
47: -0.004663215725670411, 0.0019316888746105931, -4.0884200040312165e-05
48: -0.012308125316982998, -0.001988564451905095, 0.9999201828158428
49: -0.01207612499262023, -0.0030799245797794583, 0.9999180606581864
50: -0.011420317163619687, -0.003982586213563621, 0.9999217551252688
51: -0.010454096961442727, -0.004540470956352793, 0.9999306274101682
52: -0.009344532636880731, -0.0046571154678951565, 0.9999431434142234
53: -0.008283477941725903, -0.004312350852462732, 0.9999571390066287
54: -0.0074543988721497145, -0.0035657900441521395, 0.9999701942223116
55: -0.007000650731228908, -0.002546520189012025, 0.9999800516958773
56: -0.007000690694701106, -0.0014307823047725599, 0.9999850069805942
57: -0.007454511852518775, -0.00041149760777869915, 0.9999842032627172
58: -0.008283644403659696, 0.0003350903179484277, 0.999977779512369
59: -0.009344723797598653, 0.0006798896375119767, 0.9999668464543425
60: -0.010454279767520003, 0.0005632814161562472, 0.9999532945136944
61: -0.011420460006224764, 5.42827470573215e-06, 0.9999394669440781
62: -0.01207620317296898, -0.0008972119107457655, 0.9999277546579
63: -0.015108701416725157, -0.004767401224161416, 1.074634466500769
64: -0.014864839455044798, -0.005848808117789872, 1.0746435441445696
65: -0.014177585911627433, -0.006717355500694744, 1.074691501837051
66: -0.013183059779358741, -0.007201016911657199, 1.0747688409690548
67: -0.012078239155796866, -0.007203997276518326, 1.0748602435769854
68: -0.011081947315174201, -0.006725706297465273, 1.074947606253363
69: -0.010391512075243359, -0.005860875368753682, 1.0750136257486975
70: -0.010143682602905435, -0.004780794862269788, 1.0750452260922627
71: -0.010387544564585793, -0.0036993879686413322, 1.075036148448462
72: -0.011074798108003159, -0.0028308405857364605, 1.0749881907559806
73: -0.01206932424027185, -0.0023471791747740056, 1.074910851623977
74: -0.013174144863833726, -0.0023441988099128785, 1.0748194490160463
75: -0.01417043670445639, -0.0028224897889659317, 1.0747320863396688
76: -0.014860871944387233, -0.0036873207176775225, 1.0746660668443342
77: -0.02420534817935971, -0.003518771564996026, 1.1489591243804413
78: -0.023945812552633727, -0.004560512148181983, 1.148945072216179
79: -0.023235990764862824, -0.0053642395956514655, 1.148999430907365
80: -0.022238494433345468, -0.005745829635154687, 1.149109747532942
81: -0.021181837946498194, -0.005617864587299959, 1.1492507498834497
82: -0.02030808857136679, -0.005009659702404967, 1.1493901360196495
83: -0.019817411759972314, -0.004060547389935554, 1.1494959742575228
84: -0.019822215656508657, -0.0029879578426352804, 1.149544018332262
85: -0.02032139974617253, -0.0020376083996851424, 1.1495232619253384
86: -0.021200606969842495, -0.0014272126655128226, 1.149438460079436
87: -0.02225842154817126, -0.001296604946751323, 1.1493090398754784
88: -0.023252510909311352, -0.0016757058977749928, 1.1491646499225094
89: -0.023955141160701188, -0.0024776680593661116, 1.149038368218667
90: -0.03359294762265885, -0.0115037794701498, 1.2229505996560512
91: -0.033311364376239716, -0.012495290913770107, 1.2228535805742644
92: -0.03257330277048631, -0.01322125707722166, 1.2228476674227875
93: -0.03157652581662451, -0.01348715591327565, 1.2229344446257828
94: -0.030588119094475674, -0.013221740043542818, 1.223090660301787
95: -0.02987292538703301, -0.0124961274359765, 1.2232744565865692
96: -0.029622580270637577, -0.011504745402792116, 1.2234365854140503
97: -0.029904163517056714, -0.010513233959171808, 1.2235336044958371
98: -0.03064222512281012, -0.009787267795720256, 1.223539517647314
99: -0.03163900207667192, -0.009521368959666265, 1.2234527404443187
100: -0.032627408798820756, -0.009786784829399098, 1.2232965247683145
101: -0.03334260250626342, -0.010512397436965415, 1.2231127284835324
102: -0.042027764227260955, -0.023084251318522764, 1.2965292025059016
103: -0.041692685971182475, -0.0241522655502866, 1.296398665536411
104: -0.04083533681760376, -0.024883650585727057, 1.2963989756044274
105: -0.03972791906504647, -0.025046196843811597, 1.2965300342655464
106: -0.03872203002530772, -0.024588297036095108, 1.2967502313208792
107: -0.038137032361232004, -0.02365533111616247, 1.2969896557611953
108: -0.03815865869776758, -0.022543509171569776, 1.2971722920183868
109: -0.03878004282586878, -0.021605826813967166, 1.2972401543712417
110: -0.039803899675353804, -0.021139991566546, 1.2971716970022207
111: -0.04090516193073812, -0.02129390282892829, 1.2969886546422915
112: -0.04173418660708428, -0.02201869486279251, 1.2967491419474162
113: -0.054452828440054835, -0.035897157417348335, 1.3689943142059935
114: -0.05405904359774516, -0.0370611413807036, 1.3688928274788095
115: -0.0530609248538636, -0.03778377383429965, 1.3689350889849043
116: -0.05183971964376477, -0.03778903374223708, 1.3691049562653659
117: -0.050861886850467886, -0.037074911998461024, 1.369337545792634
118: -0.05050092536569817, -0.035914178836988775, 1.36954401627272
119: -0.05089471020800784, -0.03475019487363351, 1.369645502999904
120: -0.0518928289518894, -0.03402756242003746, 1.369603241493809
121: -0.05311403416198823, -0.03402230251210003, 1.3694333742133475
122: -0.05409186695528512, -0.034736424255876086, 1.3692007846860794
123: -0.06247605537132239, -0.04276808119435804, 1.4429879469995261
124: -0.061999298079107756, -0.044043693091960545, 1.442899612386898
125: -0.060815045446296234, -0.04472128150633936, 1.442926180697936
126: -0.05947742244128207, -0.04448379528785007, 1.4430552203246318
127: -0.058612317734135444, -0.04344235687748932, 1.4432263521915385
128: -0.058624523431897946, -0.04208426688176359, 1.4433595017962115
129: -0.05950832835293529, -0.04104499070316203, 1.4433923669588316
130: -0.06085019035229666, -0.04081081721592006, 1.443309569704553
131: -0.06202223728734568, -0.041491318797267196, 1.443149851788842
132: -0.06615390874258997, -0.05053436427602276, 1.5172112032131038
133: -0.06567767431088456, -0.05181287609446783, 1.517181294536642
134: -0.06449129441508228, -0.052487111285774546, 1.5171952903364656
135: -0.06314988939357302, -0.05224158771064147, 1.517246641822291
136: -0.06228111756397714, -0.05119118857856342, 1.517311321063192
137: -0.06229148692068598, -0.049827407317326156, 1.5173590639235222
138: -0.06317614552645279, -0.04878837233580291, 1.5173675309883294
139: -0.0645211517877542, -0.04856025964943589, 1.5173327604238898
140: -0.06569716232684764, -0.04924980571936621, 1.5172710217637364
141: -0.06721529824472317, -0.0480203848851295, 1.5918222941606472
142: -0.06674090011761458, -0.04929895743361801, 1.5918721428117848
143: -0.06555510957259114, -0.049973212115862475, 1.5919117362402464
144: -0.06421277118426327, -0.04972765767253473, 1.591922548240823
145: -0.06334198000295921, -0.048677191756701266, 1.5918995197582826
146: -0.06335018890017685, -0.047313339045008895, 1.5918534260755388
147: -0.06423355684167642, -0.04627426137879298, 1.591805834939022
148: -0.0655787461500893, -0.046046154746137935, 1.591779014770425
149: -0.06675632779789498, -0.04673575277558584, 1.5917855150247069
150: -0.06524889468371142, -0.047940226232691785, 1.5938438855203636
151: -0.06491869674650097, -0.047608943952287985, 1.591841084888011
152: -0.06571660217310815, -0.047945548958475914, 1.591841084888011
153: -0.06502632735105396, -0.048467811025693086, 1.5918685075644707
154: -0.0520281627641761, -0.03599992466995139, 1.369069765324931
155: -0.05276996911632614, -0.035553069731621756, 1.369069765324931
156: -0.05263249882812726, -0.03616400997993252, 1.369667965068208
157: -0.06083627744950382, -0.042489281856472605, 1.4429175428274723
158: -0.06030069656932169, -0.04316980306906126, 1.4429175428274723
159: -0.06032483214671436, -0.04263778225983628, 1.4436004486280447
160: -0.06454032872926352, -0.05027962799868968, 1.5170586743489491
161: -0.06396719326264855, -0.05092883654523539, 1.5170586743489491
162: -0.06397242167070383, -0.05035585977854207, 1.5177080273258259
163: -0.011146845290947116, -0.0018045253471168365, 0.9072852958190605
164: -0.010452489614343308, -0.0034870849217523148, 0.90760628373719
165: -0.00875152502903509, -0.004184023917067181, 0.9077990667440959
166: -0.00704035351997967, -0.0034870849217523148, 0.9077507151689278
167: -0.006321356149635138, -0.0018045253471168365, 0.907489552708657
168: -0.007015711826238946, -0.00012196577248135831, 0.9071685647905275
169: -0.008716676411547164, 0.000574973222833286, 0.9069757817836216
170: -0.010427847920602584, -0.00012196577248135831, 0.9070241333587897
171: -0.014879777344325329, 0.011927179447352998, 0.9865147961199322
172: -0.014085039897852591, 0.010016895489908695, 0.987055957892908
173: -0.01212190126236301, 0.009231560071300215, 0.9873768682379448
174: -0.010140341425707633, 0.010031212028736025, 0.9872895422272261
175: -0.009301131265545437, 0.011947426090729074, 0.9868451342534829
176: -0.010095868712018174, 0.013857710048173377, 0.986303972480507
177: -0.012059007347507755, 0.014643045466781857, 0.9859830621354703
178: -0.014040567184163133, 0.013843393509346047, 0.986070388146189
179: -0.017060999749539674, 0.026785003448674516, 1.0181014891565718
180: -0.016636663177371336, 0.025872115081626568, 1.0188879841139986
181: -0.015491782253887476, 0.025528539071877354, 1.019338765892464
182: -0.014297012696762756, 0.025955537586232147, 1.0191897726398134
183: -0.013752234308650246, 0.026902980686094757, 1.0185282825827477
184: -0.014176570880818584, 0.027815869053142706, 1.017741787625321
185: -0.015321451804302444, 0.02815944506289192, 1.0172910058468556
186: -0.016516221361427164, 0.027732446548537126, 1.0174399990995062
187: -0.022028180212898096, 0.05345605428681166, 1.0391927843208262
188: -0.021632014999051208, 0.05267812284250839, 1.0401254561851658
189: -0.020501002017231373, 0.05239976778544975, 1.0406501743117762
190: -0.019297673332968612, 0.052784045732905405, 1.0404595659385119
191: -0.018726922569511473, 0.05360585187497646, 1.0396652868653293
192: -0.01912308778335836, 0.05438378331927973, 1.0387326150009897
193: -0.020254100765178196, 0.054662138376338376, 1.0382078968743793
194: -0.021457429449440957, 0.05427786042888272, 1.0383985052476437
195: -0.030346065508488063, 0.10252342843121598, 1.0869088204866897
196: -0.02995332633040637, 0.10176250475010429, 1.0878568458580546
197: -0.028825397427268418, 0.101500067743161, 1.088396201234482
198: -0.027623004253139682, 0.10188984944978507, 1.0882109395513997
199: -0.027050492422120098, 0.10270352103260061, 1.087409584590169
200: -0.02744323160020179, 0.1034644447137123, 1.086461559218804
201: -0.028571160503339743, 0.10372688172065558, 1.0859222038423766
202: -0.029773553677468367, 0.10333710001403151, 1.086107465525459
203: -0.041405541387730116, 0.15626995915970232, 1.1297434209834998
204: -0.04102275161066138, 0.1555594670460123, 1.1307337108189444
205: -0.03990228938052087, 0.15533487714385474, 1.1313047841784227
206: -0.03870050627559818, 0.15572775117194126, 1.1311221140330627
207: -0.03812139053972596, 0.1565079488529233, 1.1302927060765755
208: -0.0385041803167947, 0.1572184409666133, 1.129302416241131
209: -0.03962464254693521, 0.15744303086877087, 1.1287313428816526
210: -0.0408264256518579, 0.15705015684068435, 1.1289140130270126
211: -0.04002863828664005, 0.15767765963387514, 1.1310451572183888
212: -0.03937035618132323, 0.15662690228023646, 1.1298209992818486
213: -0.04021858540091905, 0.15645236520387762, 1.1298209992818486
214: -0.03970145630894184, 0.1560875945348239, 1.1304121920264159
215: -0.0201038144255683, 0.053141758252021276, 1.0392754632686743
216: -0.02026351460900888, 0.053992905625517285, 1.0392754632686743
217: -0.020765325139037172, 0.05345819536514407, 1.039736180241885
218: -0.028264811038264726, 0.10255321674144824, 1.0869174102084973
219: -0.02913078629150201, 0.10254666992690797, 1.0869174102084973
220: -0.028699239566145396, 0.10274053752736867, 1.0876427871982934
221: -0.013673990410354553, -0.004516248749985241, 1.066099540336545
222: -0.013375521780420563, -0.006097596235231428, 1.0666949274857103
223: -0.012475369222755939, -0.006752611810445064, 1.0680006492090106
224: -0.011500829897435727, -0.006097596235231428, 1.0692518314296213
225: -0.011022775724166656, -0.004516248749985241, 1.0697155485717091
226: -0.011321244354100646, -0.0029349012647390538, 1.0691201614225438
227: -0.01222139691176527, -0.0022798856895254183, 1.0678144396992435
228: -0.013195936237085482, -0.0029349012647390538, 1.0665632574786328
229: -0.029732780247591184, -0.0031087591515137625, 1.0779601402774261
230: -0.029439676680111604, -0.00464398198301974, 1.0785357477803574
231: -0.028628312740364592, -0.005275526665778907, 1.0798460846500337
232: -0.02777397442023366, -0.004633442889875772, 1.0811235733194766
233: -0.02737712152079641, -0.0030938546230547814, 1.081619878251904
234: -0.02767022508827599, -0.0015586317915488035, 1.0810442707489727
235: -0.028481589028023002, -0.0009270871087896371, 1.0797339338792964
236: -0.029335927348153934, -0.001569170884692772, 1.0784564452098535
237: -0.04533806193935186, -0.0028993667486589825, 1.0871714571398339
238: -0.04522999025353325, -0.004072191184161689, 1.0876662342304926
239: -0.04478119104804179, -0.004552713109538198, 1.0887615328051339
240: -0.044254564810672026, -0.004059449297920459, 1.0898157418135808
241: -0.04395860204897384, -0.002881347000326384, 1.0902113199162613
242: -0.04406667373479245, -0.001708522564823678, 1.0897165428256026
243: -0.04451547294028391, -0.0012280006394471688, 1.0886212442509613
244: -0.04504209917765367, -0.0017212644510649078, 1.0875670352425144
245: -0.07721952634084328, 0.0016394368786625257, 1.1000155522385724
246: -0.0772390327436312, 0.00048475233960632025, 1.1005617428012366
247: -0.0768953537261633, 1.805343836513984e-05, 1.1017001969653386
248: -0.07638981179576909, 0.0005127260617414642, 1.1027640237216876
249: -0.07601854655892537, 0.0016789976958961894, 1.1031300477844297
250: -0.07599904015613745, 0.002833682234952395, 1.1025838572217654
251: -0.07634271917360536, 0.0033003811361935753, 1.1014454030576635
252: -0.07684826110399956, 0.002805708512817251, 1.1003815763013145
253: -0.14112979370619638, 0.016085267071231257, 1.1238674949421499
254: -0.14110299342411348, 0.014921323032092815, 1.1243933438119438
255: -0.14069814895285038, 0.014441922426983833, 1.1255061227788268
256: -0.14015241269302126, 0.01492789162856667, 1.1265539810159224
257: -0.13978546954415516, 0.016094556469449905, 1.1269230973793845
258: -0.13981226982623807, 0.017258500508588348, 1.1263972485095906
259: -0.14021711429750117, 0.01773790111369733, 1.1252844695427076
260: -0.1407628505573303, 0.017251931912114493, 1.124236611305612
261: -0.2029398021259715, 0.02370334873883362, 1.1552603668460388
262: -0.20283604013735124, 0.022527890173813514, 1.1557497865298145
263: -0.20235071771776003, 0.022036448964868338, 1.1568244719267662
264: -0.20176813015847073, 0.02251690470708967, 1.157854886906644
265: -0.20142954935044532, 0.023687812942803532, 1.1582374283491081
266: -0.2015333113390656, 0.024863271507823637, 1.1577480086653325
267: -0.2020186337586568, 0.025354712716768812, 1.1566733232683808
268: -0.2026012213179461, 0.024874256974547482, 1.155642908288503
269: -0.20366393710778796, 0.023877847343409808, 1.1575002728184205
270: -0.20224341945297797, 0.024139093403423573, 1.1565256605424357
271: -0.20234932236937409, 0.023279593215931538, 1.1565256605424357
272: -0.2019612853922732, 0.023668055903100615, 1.1571953717078494
273: -0.07625775486874031, 0.001955125287437909, 1.1013941856935747
274: -0.07708447920680161, 0.0016972825662744384, 1.1013941856935747
275: -0.07651487527411105, 0.0013252440081257255, 1.1019300286473535
276: -0.14020437239457595, 0.01645696077902148, 1.1251691904612757
277: -0.1405114317873195, 0.015647225927772013, 1.1251691904612757
278: -0.14065709069363175, 0.016165548604228697, 1.12584750755975
279: -0.0226391930338109, -0.003637499067246752, 1.1436794140451993
280: -0.022208182706620727, -0.005064877533023093, 1.1432738794637927
281: -0.02113642509858371, -0.0056561170521869375, 1.142330794661658
282: -0.020051741280911473, -0.005064877533023093, 1.1414026059254185
283: -0.019589524323109786, -0.003637499067246752, 1.141033033628321
284: -0.02002053465029996, -0.002210120601470411, 1.1414385682097277
285: -0.021092292258336975, -0.001618881082306567, 1.1423816530118622
286: -0.022176976076009214, -0.002210120601470411, 1.1433098417481018
287: -0.009179788380169973, -0.003979886979212255, 1.159274551295307
288: -0.00875089349514968, -0.005450313577279209, 1.1588404995594297
289: -0.007714581475077087, -0.00605858286018135, 1.1577961950115851
290: -0.006677909846460439, -0.005448378931569353, 1.1567533770926532
291: -0.006248146789615938, -0.0039771509770110125, 1.1563229143964584
292: -0.0066770416746362304, -0.0025067243789440585, 1.1567569661323358
293: -0.007713353694708824, -0.0018984550960419178, 1.1578012706801803
294: -0.008750025323325472, -0.002508659024653914, 1.1588440885991123
295: 0.005291810033847932, -0.0036757897686579, 1.1709185302932397
296: 0.005568224897621876, -0.004856603945683435, 1.1705169413022936
297: 0.006282257556977644, -0.005347496380093686, 1.169578227823941
298: 0.007015637364042204, -0.004860908941477948, 1.168652275482619
299: 0.0073387603742072205, -0.003681877952096624, 1.1682814946017623
300: 0.007062345510433277, -0.0025010637750710885, 1.1686830835927084
301: 0.006348312851077509, -0.002010171340660838, 1.169621797071061
302: 0.005614933044012949, -0.0024967587792765755, 1.170547749412383
303: 0.03320903996775448, -0.005229942512220642, 1.1916802204925827
304: 0.03343623156171094, -0.006408213941801133, 1.1912419723515733
305: 0.034121954181239644, -0.006898337389309672, 1.190281990835867
306: 0.03486452081584668, -0.0064132051864329576, 1.1893626200977376
307: 0.03522894600194504, -0.005237001198072022, 1.1890224150467321
308: 0.03500175440798858, -0.004058729768491531, 1.1894606631877416
309: 0.03431603178845988, -0.003568606320982992, 1.1904206447034478
310: 0.033573465153852844, -0.004053738523859707, 1.1913400154415772
311: 0.08814161633552531, -0.011123696833748697, 1.233898204896065
312: 0.08838843634973115, -0.012304377585598214, 1.2334774034487912
313: 0.08913566579051069, -0.012801564653477815, 1.2325683081855792
314: 0.08994558778565964, -0.012324012596059974, 1.2317034547821295
315: 0.09034376101488406, -0.011151464931840716, 1.2313894626327184
316: 0.09009694100067822, -0.009970784179991199, 1.2318102640799922
317: 0.08934971155989868, -0.009473597112111598, 1.2327193593432042
318: 0.08853978956474973, -0.009951149169529439, 1.2335842127466539
319: 0.13712237538265737, -0.016058133388052287, 1.283014780388802
320: 0.13739796789316916, -0.017241764216364697, 1.282620993840471
321: 0.13820371059951508, -0.017744950715287144, 1.2817668375001554
322: 0.13906761035210113, -0.01727293305815336, 1.2809526645676255
323: 0.13948360639239277, -0.016102212786833103, 1.2806554065046398
324: 0.13920801388188098, -0.014918581958520694, 1.2810491930529708
325: 0.13840227117553505, -0.014415395459598246, 1.2819033493932863
326: 0.137538371422949, -0.014887413116732029, 1.2827175223258163
327: 0.139478699377789, -0.01619862012826534, 1.2830139402749567
328: 0.13843526452799493, -0.01652869086970621, 1.2816581062069823
329: 0.13852207049984822, -0.015667052474989118, 1.2816581062069823
330: 0.13795163763473206, -0.01604477591763276, 1.282189067926198
331: 0.034687983278645085, -0.00519579304074691, 1.1901821509547341
332: 0.03386643570091996, -0.004921903322914867, 1.1901821509547341
333: 0.03410255997498424, -0.005582719201776998, 1.1906896513995038
334: 0.08887351362270635, -0.011380049911552392, 1.2324095101618542
335: 0.08967691600163818, -0.011056784358907779, 1.2324095101618542
336: 0.0891776364012693, -0.010975908377923727, 1.2331124809694667
337: -0.031859394605720515, -0.010765312977847552, 1.2149574876268132
338: -0.031704994532351205, -0.012016520341267212, 1.2155129953306112
339: -0.030971581308572915, -0.012534787400536818, 1.216557721302517
340: -0.030088778454051113, -0.012016520341267212, 1.2174796792371514
341: -0.029573719908063123, -0.010765312977847552, 1.2177387986803434
342: -0.029728119981432433, -0.009514105614427892, 1.2171832909765454
343: -0.030461533205210722, -0.008995838555158286, 1.2161385650046397
344: -0.031344336059732525, -0.009514105614427892, 1.2152166070700052
345: -0.04754854483488846, -0.007003315198231164, 1.2276510794387778
346: -0.047464122277754095, -0.008339991346554942, 1.228320224305185
347: -0.04674022225408281, -0.00888296634510155, 1.2295130076269043
348: -0.04580089557993905, -0.008314172803751685, 1.2305307131110452
349: -0.04519638708153728, -0.0069668022648379235, 1.2307771826874994
350: -0.04528080963867165, -0.005630126116514145, 1.2301080378210922
351: -0.046004709662342935, -0.005087151117967537, 1.2289152544993729
352: -0.046944036336486694, -0.005655944659317402, 1.227897549015232
353: -0.06188829647194194, -0.001390465808218, 1.237623128439925
354: -0.061866434222011435, -0.0025096193423992386, 1.2382387731622984
355: -0.06137526111850722, -0.00292374262139683, 1.239342970566486
356: -0.06070249970398922, -0.0023902478448685205, 1.240288896788652
357: -0.0602422444908407, -0.0012216490174492556, 1.2405224410768558
358: -0.060264106740771206, -0.00010249548326801694, 1.2399067963544825
359: -0.06075527984427542, 0.00031162779572957433, 1.2388025989502949
360: -0.06142804125879342, -0.00022186698079873501, 1.2378566727281288
361: -0.09227468002678241, 0.005722636412437421, 1.252617953235455
362: -0.09218795012492398, 0.004590296857007292, 1.253203005430187
363: -0.09173207433880948, 0.004186269133822584, 1.2543259212247866
364: -0.09117409852118719, 0.004747227203549809, 1.2553289117761803
365: -0.09084087733854407, 0.00594456943686561, 1.255624438822294
366: -0.0909276072404025, 0.0070769089922957384, 1.255039386627562
367: -0.091383483026517, 0.007480936715480446, 1.2539164708329624
368: -0.09194145884413929, 0.006919978645753222, 1.2529134802815687
369: -0.1552774079229926, 0.013878452211539827, 1.281029745923196
370: -0.1551319390908974, 0.012738858613753123, 1.2815884643370692
371: -0.1546823976944678, 0.012335514034350847, 1.28271417597794
372: -0.15419211898688412, 0.012904692257637684, 1.2837474542339071
373: -0.15394830158570616, 0.014112976399819122, 1.2840830187163308
374: -0.15409377041780137, 0.015252569997605825, 1.2835243003024577
375: -0.15454331181423098, 0.0156559145770081, 1.282398588661587
376: -0.15503359052181465, 0.015086736353721264, 1.2813653104056197
377: -0.21970888704980096, 0.016254928369662913, 1.3072810871957095
378: -0.2195291963897371, 0.015113292995361682, 1.3078254960072278
379: -0.21908457386303204, 0.014710241890425468, 1.3089532644368198
380: -0.21863547331569289, 0.015281876925795856, 1.3100037610336468
381: -0.2184449717574819, 0.01649334205048092, 1.3103616191385141
382: -0.21862466241754575, 0.01763497742478215, 1.3098172103269958
383: -0.21906928494425082, 0.018038028529718364, 1.3086894418974038
384: -0.21951838549158997, 0.017466393494347976, 1.3076389453005768
385: -0.22062178250206244, 0.016431133017354327, 1.3094507816016967
386: -0.21915517534488538, 0.016810316730109687, 1.3085898099654054
387: -0.21918710494349092, 0.01594490555573458, 1.3085898099654054
388: -0.218888507922548, 0.016367183344371483, 1.3092844395705245
389: -0.09157377399146627, 0.006278961998167354, 1.2538945058311741
390: -0.091338865069167, 0.005445431075990825, 1.2538945058311741
391: -0.09176069698735656, 0.005776415699796367, 1.2545745764242753
392: -0.1550867094685201, 0.01405434295059882, 1.2824080132129618
393: -0.15435211757898015, 0.013595724638903572, 1.2824080132129618
394: -0.1543997372155479, 0.01433707532753603, 1.2828531205333664
395: -0.040934211934677056, -0.022019330861044573, 1.290673261388397
396: -0.04079883654828864, -0.022878923945984786, 1.2896052158411502
397: -0.039765796545709775, -0.02323497905988936, 1.2887661680672746
398: -0.03844023274997699, -0.022878923945984786, 1.288647620873228
399: -0.0375986424548399, -0.022019330861044573, 1.2893190175975016
400: -0.03773401784122832, -0.02115973777610436, 1.2903870631447485
401: -0.038767057843807184, -0.020803682662199785, 1.291226110918624
402: -0.04009262163953997, -0.02115973777610436, 1.2913446581126706
403: -0.0357251060202155, -0.03723432127887549, 1.303592316882731
404: -0.03561910790037626, -0.03801619639357723, 1.302430862192863
405: -0.034589435558566306, -0.03831071080158055, 1.3015227997363075
406: -0.033239257087817387, -0.037945341956991285, 1.3014000601846327
407: -0.032359488724670094, -0.03713411797370125, 1.3021345427025703
408: -0.03246548684450934, -0.03635224285899952, 1.3032959973924383
409: -0.03349515918631929, -0.036057728450996196, 1.304204059848994
410: -0.03484533765706821, -0.03642309729558546, 1.3043267994006686
411: -0.030529262838173254, -0.05275724071000387, 1.3122395747033073
412: -0.030460260328961763, -0.05337329264285939, 1.3111225609679504
413: -0.029558797138005688, -0.053528611029045825, 1.3102307979223535
414: -0.028352938176587017, -0.053132212464421125, 1.310086668264204
415: -0.027549059269995624, -0.052416301852037384, 1.310774601192506
416: -0.027618061779207115, -0.05180024991918186, 1.311891614927863
417: -0.02851952497016319, -0.05164493153299543, 1.31278337797346
418: -0.02972538393158186, -0.05204133009762013, 1.3129275076316094
419: -0.018276688665200047, -0.08075356748368101, 1.3285966993579554
420: -0.018186324471163307, -0.08141471836512615, 1.3275073349379245
421: -0.017288180997443114, -0.08155970015505609, 1.3266104962699183
422: -0.01610837850998781, -0.08110358448722699, 1.3264315392823942
423: -0.015338029305027256, -0.08031355773384252, 1.3270752945515623
424: -0.015428393499063997, -0.07965240685239738, 1.3281646589715932
425: -0.01632653697278419, -0.07950742506246744, 1.3290614976395994
426: -0.017506339460239495, -0.07996354073029655, 1.3292404546271235
427: 0.008622404367574, -0.13353069089883984, 1.3645038999846206
428: 0.008744144635263629, -0.13425280668366968, 1.3634571291807907
429: 0.009661713969474794, -0.13443510887511612, 1.3625871674327017
430: 0.010837612698644028, -0.13397080732187971, 1.3624036265336388
431: 0.011583015295201449, -0.13313188357681582, 1.3630140222530223
432: 0.01146127502751182, -0.132409767791986, 1.3640607930568522
433: 0.010543705693300653, -0.13222746560053955, 1.3649307548049412
434: 0.00936780696413142, -0.13269176715377595, 1.365114295704004
435: 0.03431298441291886, -0.18350580485625212, 1.405595415156482
436: 0.034455135462565734, -0.1842677136788322, 1.4045798911339265
437: 0.03538917413651421, -0.18448212463804992, 1.4037351422295978
438: 0.03656795324734663, -0.18402343870191684, 1.4035560108948524
439: 0.03730095997897931, -0.18316034787095026, 1.4041474298361378
440: 0.03715880892933243, -0.18239843904837016, 1.4051629538586934
441: 0.03622477025538395, -0.18218402808915246, 1.406007702763022
442: 0.035045991144551536, -0.18264271402528554, 1.4061868340977675
443: 0.03642296349920682, -0.18453134717223052, 1.4058566644886639
444: 0.03548934354630995, -0.18366228355233494, 1.4046696214363164
445: 0.03625953532949189, -0.18326635348638987, 1.4046696214363164
446: 0.03567203771204541, -0.18307059205207876, 1.4052750246162973
447: -0.017214092599812547, -0.08038471187355678, 1.3275861965838567
448: -0.01639419411687637, -0.08066349938704853, 1.3275861965838567
449: -0.01681379023865215, -0.08055247656568021, 1.3283355976965634
450: 0.01011444479241197, -0.13376786245247652, 1.363515540962211
451: 0.010204317898969473, -0.13290653857337076, 1.363515540962211
452: 0.00998936680278173, -0.13331946068763623, 1.3642458014320422
